1186
1210
2853
2880
5123
5150
10873
10900
12369
12396
16728
16754
17442
17468
18468
18495
19934
21583
22412
22440
24900
24945
25860
27125
27154
29524
29552
30263
30292
31425
31450
34068
34093
34485
34511
35869
35913
37848
37892
38495
39456
40111
40154
42215
42253
43281
43310
44994
45039
45757
47060
47102
48253
48298
50201
50245
51292
51334
52830
52868
56793
56830
58413
58457
59180
59208
59625
59653
60839
60881
61506
61549
62397
62424
66018
66467
67241
67692
67736
68139
68181
69132
71037
71075
71808
71852
72693
72738
73473
75672
75716
77584
78026
78070
78812
79592
79637
80367
80821
80865
83816
84268
85059
85103
85509
85553
86291
87186
87231
87639
87683
89872
89916
90649
90694
91104
91147
91560
91605
92355
92811
92856
93939
94940
94985
95730
96184
96226
96877
98391
99175
99622
99667
