3765
3961
4156
14684
14877
15168
15442
17334
17533
26757
26952
27985
30483
30683
39580
39772
48930
49127
52837
53146
53333
55090
65936
66134
66198
66501
66761
67024
67297
67581
70234
70534
70801
71072
71338
71620
71801
71921
74357
74536
79143
79722
79814
79996
80076
80242
80332
80489
80584
80644
80710
80769
80834
81095
81172
81357
81624
82782
82958
83132
83395
83638
83901
84101
84173
84361
84425
84623
84872
85055
85122
85665
85844
85908
86205
86464
86654
86724
86921
86986
87194
87448
87631
87701
87971
88229
88479
88748
88935
89003
89295
89365
89557
89822
90070
90305
90559
90750
90817
91014
91195
91373
91439
91740
91782
92011
92076
92300
92493
92683
92869
93047
93227
93404
93587
93775
93959
94147
94325
94508
94688
94866
95052
95235
95278
95418
95490
95698
95883
96066
96247
96427
96608
96791
96978
97165
97346
97528
97709
97894
98074
98257
