  0.665
  0.710
  0.745
  0.760
  0.785
  0.790
  0.815
  0.835
  0.860
  0.870
  0.920
  0.900
  0.905
  0.920
  0.915
  0.910
  0.910
  0.925
  0.925
  0.905
  0.920
  0.910
  0.890
  0.870
  0.825
  0.775
  0.735
  0.695
  0.670
  0.615
  0.565
  0.510
  0.445
  0.405
  0.315
  0.245
  0.205
  0.145
  0.115
  0.070
  0.035
  0.005
 -0.035
 -0.065
 -0.105
 -0.125
 -0.135
 -0.155
 -0.165
 -0.155
 -0.140
 -0.180
 -0.165
 -0.170
 -0.145
 -0.160
 -0.155
 -0.115
 -0.155
 -0.160
 -0.155
 -0.145
 -0.155
 -0.160
 -0.135
 -0.140
 -0.140
 -0.150
 -0.155
 -0.160
 -0.135
 -0.170
 -0.150
 -0.170
 -0.155
 -0.175
 -0.160
 -0.185
 -0.180
 -0.185
 -0.205
 -0.185
 -0.210
 -0.210
 -0.205
 -0.220
 -0.230
 -0.240
 -0.220
 -0.240
 -0.245
 -0.245
 -0.240
 -0.250
 -0.265
 -0.250
 -0.245
 -0.250
 -0.260
 -0.230
 -0.205
 -0.205
 -0.170
 -0.165
 -0.140
 -0.130
 -0.135
 -0.125
 -0.120
 -0.130
 -0.105
 -0.155
 -0.165
 -0.205
 -0.250
 -0.250
 -0.270
 -0.275
 -0.270
 -0.290
 -0.305
 -0.310
 -0.320
 -0.315
 -0.310
 -0.310
 -0.305
 -0.300
 -0.295
 -0.280
 -0.290
 -0.285
 -0.300
 -0.285
 -0.295
 -0.310
 -0.295
 -0.270
 -0.280
 -0.285
 -0.285
 -0.290
 -0.295
 -0.290
 -0.255
 -0.285
 -0.285
 -0.275
 -0.285
 -0.280
 -0.285
 -0.295
 -0.295
 -0.320
 -0.270
 -0.235
 -0.340
 -0.765
 -1.405
 -2.045
 -2.685
 -3.280
 -3.495
 -3.570
 -3.590
 -3.640
 -3.655
 -3.590
 -3.475
 -3.285
 -3.070
 -2.900
 -2.790
 -2.665
 -2.465
 -2.165
 -1.800
 -1.410
 -1.135
 -0.915
 -0.740
 -0.585
 -0.390
 -0.175
 -0.030
  0.075
  0.150
  0.155
  0.135
  0.145
  0.170
  0.175
  0.210
  0.210
  0.200
  0.220
  0.220
  0.235
  0.235
  0.250
  0.240
  0.280
  0.285
  0.295
  0.310
  0.310
  0.310
  0.315
  0.320
  0.335
  0.355
  0.390
  0.380
  0.400
  0.395
  0.430
  0.425
  0.465
  0.490
  0.505
  0.525
  0.565
  0.570
  0.595
  0.605
  0.635
  0.650
  0.665
  0.720
  0.715
  0.745
  0.785
  0.785
  0.795
  0.830
  0.855
  0.865
  0.875
  0.915
  0.930
  0.925
  0.920
  0.915
  0.930
  0.940
  0.935
  0.935
  0.920
  0.935
  0.910
  0.895
  0.860
  0.805
  0.785
  0.785
  0.725
  0.675
  0.620
  0.580
  0.540
  0.475
  0.440
  0.375
  0.315
  0.260
  0.205
  0.170
  0.160
  0.075
  0.060
  0.015
  0.005
 -0.020
 -0.050
 -0.050
 -0.060
 -0.065
 -0.085
 -0.080
 -0.080
 -0.060
 -0.095
 -0.085
 -0.085
 -0.055
 -0.080
 -0.065
 -0.060
 -0.065
 -0.070
 -0.050
 -0.065
 -0.060
 -0.065
 -0.050
 -0.070
 -0.070
 -0.080
 -0.085
 -0.100
 -0.090
 -0.095
 -0.110
 -0.100
 -0.095
 -0.115
 -0.125
 -0.125
 -0.115
 -0.130
 -0.135
 -0.125
 -0.160
 -0.160
 -0.190
 -0.170
 -0.180
 -0.190
 -0.180
 -0.170
 -0.170
 -0.160
 -0.175
 -0.135
 -0.115
 -0.140
 -0.100
 -0.090
 -0.075
 -0.060
 -0.055
 -0.040
 -0.080
 -0.075
 -0.100
 -0.120
 -0.145
 -0.170
 -0.170
 -0.170
 -0.185
 -0.210
 -0.235
 -0.255
 -0.240
 -0.260
 -0.245
 -0.250
 -0.260
 -0.255
 -0.250
 -0.250
 -0.275
 -0.280
 -0.280
 -0.285
 -0.260
 -0.255
 -0.275
 -0.265
 -0.275
 -0.280
 -0.265
 -0.270
 -0.275
 -0.255
 -0.275
 -0.270
 -0.270
 -0.270
 -0.275
 -0.275
 -0.275
 -0.255
 -0.270
 -0.290
 -0.280
 -0.300
 -0.260
 -0.250
 -0.310
 -0.685
 -1.325
 -1.965
 -2.605
 -3.145
 -3.370
 -3.455
 -3.525
 -3.565
 -3.525
 -3.510
 -3.425
 -3.235
 -3.045
 -2.850
 -2.760
 -2.635
 -2.500
 -2.210
 -1.855
 -1.455
 -1.160
 -0.935
 -0.740
 -0.590
 -0.420
 -0.220
 -0.045
  0.060
  0.115
  0.135
  0.130
  0.155
  0.130
  0.155
  0.150
  0.175
  0.165
  0.200
  0.200
  0.205
  0.215
  0.215
  0.220
  0.245
  0.240
  0.250
  0.270
  0.280
  0.295
  0.330
  0.330
  0.295
  0.325
  0.330
  0.330
  0.355
  0.400
  0.405
  0.415
  0.445
  0.475
  0.465
  0.485
  0.515
  0.525
  0.560
  0.590
  0.575
  0.610
  0.640
  0.650
  0.670
  0.675
  0.700
  0.730
  0.760
  0.780
  0.790
  0.805
  0.800
  0.825
  0.860
  0.860
  0.880
  0.885
  0.875
  0.905
  0.875
  0.880
  0.870
  0.875
  0.850
  0.850
  0.840
  0.795
  0.775
  0.745
  0.685
  0.630
  0.570
  0.540
  0.490
  0.455
  0.400
  0.330
  0.255
  0.225
  0.180
  0.130
  0.075
  0.055
  0.000
  0.005
 -0.010
 -0.045
 -0.075
 -0.080
 -0.095
 -0.090
 -0.100
 -0.115
 -0.120
 -0.105
 -0.120
 -0.115
 -0.105
 -0.100
 -0.090
 -0.110
 -0.100
 -0.090
 -0.095
 -0.085
 -0.100
 -0.115
 -0.105
 -0.080
 -0.085
 -0.120
 -0.100
 -0.090
 -0.120
 -0.120
 -0.135
 -0.140
 -0.135
 -0.140
 -0.140
 -0.145
 -0.145
 -0.160
 -0.170
 -0.180
 -0.175
 -0.185
 -0.200
 -0.190
 -0.185
 -0.190
 -0.200
 -0.210
 -0.225
 -0.220
 -0.220
 -0.215
 -0.235
 -0.230
 -0.200
 -0.215
 -0.230
 -0.235
 -0.210
 -0.195
 -0.175
 -0.150
 -0.150
 -0.145
 -0.100
 -0.095
 -0.090
 -0.105
 -0.115
 -0.115
 -0.120
 -0.145
 -0.185
 -0.205
 -0.235
 -0.245
 -0.245
 -0.265
 -0.270
 -0.295
 -0.280
 -0.285
 -0.310
 -0.280
 -0.270
 -0.260
 -0.260
 -0.260
 -0.270
 -0.260
 -0.285
 -0.285
 -0.305
 -0.270
 -0.300
 -0.280
 -0.260
 -0.275
 -0.275
 -0.285
 -0.265
 -0.295
 -0.290
 -0.295
 -0.295
 -0.285
 -0.285
 -0.290
 -0.280
 -0.290
 -0.285
 -0.295
 -0.320
 -0.295
 -0.250
 -0.260
 -0.495
 -1.045
 -1.685
 -2.325
 -2.965
 -3.225
 -3.305
 -3.390
 -3.410
 -3.455
 -3.435
 -3.355
 -3.230
 -3.055
 -2.880
 -2.770
 -2.690
 -2.575
 -2.355
 -2.030
 -1.670
 -1.310
 -1.050
 -0.870
 -0.700
 -0.560
 -0.390
 -0.195
 -0.050
  0.045
  0.105
  0.110
  0.115
  0.125
  0.120
  0.125
  0.150
  0.145
  0.175
  0.200
  0.200
  0.190
  0.205
  0.205
  0.210
  0.210
  0.225
  0.240
  0.255
  0.255
  0.275
  0.285
  0.295
  0.285
  0.310
  0.335
  0.325
  0.355
  0.400
  0.375
  0.410
  0.410
  0.430
  0.440
  0.485
  0.495
  0.510
  0.515
  0.545
  0.565
  0.560
  0.610
  0.610
  0.640
  0.665
  0.670
  0.715
  0.725
  0.730
  0.750
  0.765
  0.780
  0.810
  0.820
  0.830
  0.825
  0.835
  0.810
  0.845
  0.820
  0.820
  0.810
  0.810
  0.795
  0.780
  0.745
  0.705
  0.685
  0.665
  0.615
  0.580
  0.545
  0.485
  0.435
  0.395
  0.330
  0.270
  0.235
  0.175
  0.130
  0.090
  0.055
  0.030
 -0.030
 -0.030
 -0.050
 -0.070
 -0.090
 -0.085
 -0.095
 -0.090
 -0.115
 -0.120
 -0.130
 -0.135
 -0.145
 -0.120
 -0.115
 -0.120
 -0.095
 -0.090
 -0.115
 -0.100
 -0.105
 -0.115
 -0.120
 -0.105
 -0.085
 -0.125
 -0.115
 -0.115
 -0.130
 -0.125
 -0.120
 -0.120
 -0.130
 -0.105
 -0.135
 -0.130
 -0.145
 -0.150
 -0.145
 -0.160
 -0.170
 -0.170
 -0.160
 -0.175
 -0.180
 -0.165
 -0.170
 -0.190
 -0.190
 -0.200
 -0.210
 -0.200
 -0.180
 -0.190
 -0.215
 -0.210
 -0.210
 -0.215
 -0.185
 -0.180
 -0.150
 -0.135
 -0.145
 -0.105
 -0.080
 -0.105
 -0.100
 -0.100
 -0.100
 -0.100
 -0.105
 -0.115
 -0.145
 -0.180
 -0.205
 -0.225
 -0.200
 -0.245
 -0.235
 -0.260
 -0.250
 -0.270
 -0.260
 -0.260
 -0.270
 -0.240
 -0.240
 -0.240
 -0.225
 -0.235
 -0.240
 -0.240
 -0.250
 -0.255
 -0.250
 -0.250
 -0.240
 -0.240
 -0.245
 -0.240
 -0.255
 -0.260
 -0.255
 -0.240
 -0.250
 -0.250
 -0.225
 -0.235
 -0.235
 -0.235
 -0.245
 -0.270
 -0.280
 -0.260
 -0.215
 -0.195
 -0.370
 -0.825
 -1.465
 -2.105
 -2.745
 -3.090
 -3.230
 -3.300
 -3.315
 -3.340
 -3.335
 -3.290
 -3.140
 -2.970
 -2.775
 -2.605
 -2.520
 -2.405
 -2.220
 -1.910
 -1.560
 -1.255
 -0.990
 -0.800
 -0.655
 -0.525
 -0.350
 -0.180
 -0.040
  0.080
  0.115
  0.140
  0.115
  0.120
  0.100
  0.145
  0.155
  0.150
  0.165
  0.165
  0.190
  0.170
  0.175
  0.170
  0.195
  0.195
  0.205
  0.230
  0.235
  0.220
  0.235
  0.275
  0.265
  0.280
  0.295
  0.315
  0.330
  0.350
  0.325
  0.350
  0.365
  0.365
  0.395
  0.440
  0.445
  0.435
  0.500
  0.485
  0.490
  0.520
  0.540
  0.540
  0.570
  0.600
  0.635
  0.660
  0.675
  0.675
  0.685
  0.695
  0.725
  0.710
  0.730
  0.770
  0.765
  0.765
  0.775
  0.775
  0.765
  0.770
  0.785
  0.755
  0.755
  0.750
  0.715
  0.685
  0.650
  0.635
  0.600
  0.560
  0.510
  0.465
  0.455
  0.395
  0.340
  0.300
  0.245
  0.210
  0.165
  0.125
  0.085
  0.050
  0.030
 -0.010
 -0.030
 -0.060
 -0.060
 -0.080
 -0.080
 -0.110
 -0.115
 -0.120
 -0.120
 -0.110
 -0.110
 -0.090
 -0.095
 -0.110
 -0.095
 -0.080
 -0.095
 -0.090
 -0.100
 -0.090
 -0.090
 -0.095
 -0.085
 -0.080
 -0.080
 -0.080
 -0.095
 -0.095
 -0.100
 -0.095
 -0.095
 -0.095
 -0.095
 -0.105
 -0.120
 -0.110
 -0.115
 -0.105
 -0.135
 -0.125
 -0.155
 -0.135
 -0.140
 -0.160
 -0.150
 -0.155
 -0.160
 -0.165
 -0.170
 -0.175
 -0.155
 -0.160
 -0.160
 -0.175
 -0.160
 -0.150
 -0.150
 -0.135
 -0.090
 -0.085
 -0.100
 -0.070
 -0.070
 -0.070
 -0.055
 -0.090
 -0.095
 -0.095
 -0.145
 -0.165
 -0.165
 -0.190
 -0.195
 -0.195
 -0.225
 -0.240
 -0.235
 -0.225
 -0.260
 -0.235
 -0.235
 -0.225
 -0.235
 -0.230
 -0.230
 -0.240
 -0.225
 -0.240
 -0.240
 -0.230
 -0.260
 -0.260
 -0.250
 -0.260
 -0.260
 -0.250
 -0.245
 -0.245
 -0.265
 -0.255
 -0.245
 -0.255
 -0.245
 -0.250
 -0.260
 -0.270
 -0.265
 -0.280
 -0.300
 -0.280
 -0.255
 -0.310
 -0.550
 -1.050
 -1.690
 -2.330
 -2.835
 -3.055
 -3.165
 -3.205
 -3.235
 -3.260
 -3.205
 -3.105
 -2.950
 -2.750
 -2.585
 -2.485
 -2.375
 -2.240
 -1.975
 -1.665
 -1.330
 -1.035
 -0.840
 -0.705
 -0.565
 -0.420
 -0.255
 -0.090
  0.000
  0.075
  0.105
  0.090
  0.080
  0.090
  0.095
  0.090
  0.140
  0.135
  0.145
  0.145
  0.160
  0.150
  0.145
  0.135
  0.170
  0.175
  0.175
  0.200
  0.215
  0.210
  0.205
  0.215
  0.240
  0.250
  0.260
  0.280
  0.270
  0.285
  0.290
  0.310
  0.315
  0.350
  0.355
  0.375
  0.390
  0.435
  0.430
  0.445
  0.445
  0.465
  0.495
  0.530
  0.530
  0.530
  0.580
  0.580
  0.605
  0.635
  0.645
  0.645
  0.660
  0.685
  0.695
  0.700
  0.720
  0.745
  0.740
  0.715
  0.715
  0.700
  0.710
  0.720
  0.695
  0.665
  0.645
  0.610
  0.570
  0.540
  0.510
  0.480
  0.440
  0.400
  0.335
  0.295
  0.230
  0.185
  0.125
  0.080
  0.050
  0.020
 -0.025
 -0.050
 -0.090
 -0.115
 -0.125
 -0.175
 -0.190
 -0.195
 -0.195
 -0.205
 -0.200
 -0.215
 -0.210
 -0.200
 -0.205
 -0.200
 -0.205
 -0.215
 -0.190
 -0.190
 -0.200
 -0.200
 -0.210
 -0.195
 -0.210
 -0.150
 -0.185
 -0.180
 -0.180
 -0.180
 -0.190
 -0.205
 -0.190
 -0.200
 -0.200
 -0.210
 -0.210
 -0.195
 -0.210
 -0.230
 -0.245
 -0.245
 -0.240
 -0.240
 -0.230
 -0.260
 -0.270
 -0.235
 -0.240
 -0.260
 -0.255
 -0.265
 -0.265
 -0.255
 -0.270
 -0.265
 -0.285
 -0.270
 -0.280
 -0.285
 -0.280
 -0.265
 -0.240
 -0.250
 -0.230
 -0.215
 -0.195
 -0.170
 -0.170
 -0.155
 -0.150
 -0.150
 -0.160
 -0.155
 -0.185
 -0.200
 -0.225
 -0.275
 -0.245
 -0.265
 -0.290
 -0.290
 -0.300
 -0.295
 -0.315
 -0.320
 -0.345
 -0.320
 -0.340
 -0.320
 -0.310
 -0.300
 -0.310
 -0.320
 -0.335
 -0.325
 -0.320
 -0.330
 -0.320
 -0.340
 -0.325
 -0.340
 -0.310
 -0.335
 -0.320
 -0.340
 -0.350
 -0.335
 -0.320
 -0.340
 -0.350
 -0.325
 -0.325
 -0.330
 -0.340
 -0.365
 -0.380
 -0.375
 -0.350
 -0.355
 -0.555
 -0.995
 -1.635
 -2.275
 -2.805
 -3.035
 -3.165
 -3.190
 -3.205
 -3.230
 -3.225
 -3.190
 -3.080
 -2.890
 -2.720
 -2.570
 -2.520
 -2.380
 -2.175
 -1.885
 -1.575
 -1.220
 -0.970
 -0.800
 -0.670
 -0.535
 -0.365
 -0.230
 -0.085
 -0.015
  0.015
  0.025
  0.025
  0.015
  0.035
  0.070
  0.050
  0.075
  0.075
  0.075
  0.090
  0.105
  0.115
  0.105
  0.115
  0.130
  0.130
  0.160
  0.155
  0.150
  0.165
  0.150
  0.210
  0.215
  0.210
  0.245
  0.240
  0.245
  0.255
  0.265
  0.275
  0.290
  0.330
  0.310
  0.360
  0.365
  0.365
  0.375
  0.405
  0.445
  0.440
  0.475
  0.485
  0.480
  0.520
  0.540
  0.550
  0.570
  0.585
  0.615
  0.615
  0.645
  0.645
  0.645
  0.680
  0.650
  0.670
  0.660
  0.670
  0.680
  0.660
  0.650
  0.655
  0.630
  0.615
  0.575
  0.565
  0.555
  0.520
  0.475
  0.415
  0.400
  0.340
  0.280
  0.240
  0.200
  0.125
  0.080
  0.040
  0.025
 -0.045
 -0.080
 -0.095
 -0.125
 -0.160
 -0.175
 -0.200
 -0.195
 -0.205
 -0.210
 -0.240
 -0.240
 -0.255
 -0.240
 -0.245
 -0.245
 -0.225
 -0.230
 -0.210
 -0.230
 -0.225
 -0.215
 -0.210
 -0.220
 -0.240
 -0.240
 -0.210
 -0.220
 -0.250
 -0.235
 -0.240
 -0.215
 -0.245
 -0.220
 -0.225
 -0.220
 -0.250
 -0.260
 -0.260
 -0.265
 -0.270
 -0.260
 -0.285
 -0.265
 -0.280
 -0.280
 -0.280
 -0.300
 -0.290
 -0.280
 -0.315
 -0.295
 -0.315
 -0.320
 -0.305
 -0.295
 -0.295
 -0.310
 -0.315
 -0.320
 -0.310
 -0.320
 -0.300
 -0.310
 -0.270
 -0.280
 -0.270
 -0.250
 -0.255
 -0.210
 -0.195
 -0.175
 -0.170
 -0.170
 -0.180
 -0.195
 -0.205
 -0.220
 -0.265
 -0.265
 -0.285
 -0.275
 -0.275
 -0.305
 -0.305
 -0.335
 -0.320
 -0.315
 -0.320
 -0.325
 -0.305
 -0.305
 -0.315
 -0.320
 -0.320
 -0.315
 -0.345
 -0.345
 -0.335
 -0.320
 -0.320
 -0.315
 -0.320
 -0.315
 -0.320
 -0.325
 -0.325
 -0.315
 -0.305
 -0.315
 -0.345
 -0.350
 -0.325
 -0.330
 -0.350
 -0.330
 -0.350
 -0.375
 -0.390
 -0.385
 -0.385
 -0.445
 -0.710
 -1.260
 -1.900
 -2.525
 -2.860
 -3.040
 -3.085
 -3.140
 -3.165
 -3.165
 -3.115
 -2.990
 -2.840
 -2.605
 -2.470
 -2.370
 -2.270
 -2.110
 -1.845
 -1.550
 -1.230
 -0.985
 -0.785
 -0.675
 -0.535
 -0.405
 -0.260
 -0.115
  0.000
  0.025
  0.060
  0.060
  0.040
  0.080
  0.080
  0.080
  0.090
  0.090
  0.090
  0.115
  0.135
  0.130
  0.145
  0.175
  0.150
  0.170
  0.170
  0.185
  0.190
  0.220
  0.210
  0.220
  0.235
  0.240
  0.235
  0.270
  0.260
  0.285
  0.310
  0.340
  0.325
  0.350
  0.355
  0.375
  0.385
  0.400
  0.410
  0.445
  0.455
  0.470
  0.505
  0.520
  0.525
  0.520
  0.555
  0.575
  0.605
  0.620
  0.635
  0.635
  0.655
  0.640
  0.645
  0.670
  0.670
  0.685
  0.715
  0.705
  0.695
  0.685
  0.675
  0.670
  0.655
  0.645
  0.625
  0.595
  0.575
  0.565
  0.500
  0.475
  0.445
  0.395
  0.360
  0.315
  0.265
  0.225
  0.160
  0.130
  0.075
  0.030
  0.020
 -0.035
 -0.065
 -0.075
 -0.095
 -0.135
 -0.130
 -0.160
 -0.150
 -0.155
 -0.165
 -0.180
 -0.180
 -0.160
 -0.155
 -0.155
 -0.200
 -0.175
 -0.170
 -0.160
 -0.175
 -0.160
 -0.160
 -0.165
 -0.175
 -0.160
 -0.145
 -0.160
 -0.145
 -0.145
 -0.130
 -0.160
 -0.165
 -0.175
 -0.195
 -0.185
 -0.205
 -0.190
 -0.190
 -0.210
 -0.190
 -0.195
 -0.225
 -0.215
 -0.225
 -0.230
 -0.220
 -0.225
 -0.220
 -0.240
 -0.245
 -0.230
 -0.235
 -0.250
 -0.245
 -0.255
 -0.255
 -0.240
 -0.235
 -0.255
 -0.240
 -0.195
 -0.200
 -0.175
 -0.180
 -0.155
 -0.145
 -0.140
 -0.135
 -0.175
 -0.170
 -0.170
 -0.185
 -0.210
 -0.230
 -0.245
 -0.240
 -0.265
 -0.285
 -0.275
 -0.305
 -0.290
 -0.310
 -0.320
 -0.290
 -0.305
 -0.305
 -0.290
 -0.290
 -0.295
 -0.295
 -0.310
 -0.315
 -0.315
 -0.305
 -0.300
 -0.315
 -0.310
 -0.305
 -0.320
 -0.290
 -0.280
 -0.305
 -0.290
 -0.295
 -0.270
 -0.280
 -0.275
 -0.285
 -0.315
 -0.280
 -0.295
 -0.305
 -0.325
 -0.330
 -0.325
 -0.330
 -0.445
 -0.795
 -1.410
 -2.050
 -2.655
 -2.980
 -3.110
 -3.170
 -3.210
 -3.220
 -3.220
 -3.185
 -3.085
 -2.910
 -2.705
 -2.555
 -2.450
 -2.315
 -2.120
 -1.835
 -1.525
 -1.175
 -0.930
 -0.770
 -0.635
 -0.490
 -0.350
 -0.190
 -0.060
  0.035
  0.050
  0.090
  0.100
  0.085
  0.100
  0.105
  0.095
  0.115
  0.105
  0.135
  0.145
  0.155
  0.165
  0.160
  0.190
  0.195
  0.205
  0.190
  0.230
  0.225
  0.235
  0.235
  0.250
  0.250
  0.260
  0.295
  0.285
  0.305
  0.325
  0.350
  0.345
  0.360
  0.365
  0.390
  0.405
  0.425
  0.460
  0.470
  0.500
  0.510
  0.530
  0.550
  0.570
  0.575
  0.600
  0.625
  0.645
  0.665
  0.700
  0.695
  0.720
  0.715
  0.725
  0.735
  0.745
  0.755
  0.770
  0.775
  0.780
  0.755
  0.770
  0.755
  0.720
  0.720
  0.730
  0.710
  0.660
  0.645
  0.585
  0.560
  0.525
  0.470
  0.420
  0.370
  0.315
  0.275
  0.230
  0.180
  0.110
  0.055
  0.030
 -0.015
 -0.045
 -0.060
 -0.080
 -0.100
 -0.120
 -0.145
 -0.175
 -0.190
 -0.190
 -0.175
 -0.180
 -0.180
 -0.170
 -0.205
 -0.200
 -0.185
 -0.180
 -0.170
 -0.160
 -0.150
 -0.160
 -0.195
 -0.180
 -0.150
 -0.165
 -0.155
 -0.160
 -0.165
 -0.175
 -0.155
 -0.155
 -0.180
 -0.175
 -0.195
 -0.180
 -0.195
 -0.165
 -0.190
 -0.190
 -0.190
 -0.210
 -0.215
 -0.200
 -0.190
 -0.220
 -0.205
 -0.210
 -0.225
 -0.230
 -0.225
 -0.240
 -0.240
 -0.240
 -0.250
 -0.230
 -0.240
 -0.240
 -0.230
 -0.230
 -0.250
 -0.230
 -0.225
 -0.195
 -0.180
 -0.165
 -0.155
 -0.160
 -0.115
 -0.130
 -0.120
 -0.145
 -0.160
 -0.170
 -0.160
 -0.205
 -0.225
 -0.240
 -0.245
 -0.260
 -0.275
 -0.275
 -0.290
 -0.300
 -0.300
 -0.285
 -0.290
 -0.300
 -0.285
 -0.285
 -0.295
 -0.295
 -0.310
 -0.290
 -0.275
 -0.285
 -0.280
 -0.290
 -0.290
 -0.300
 -0.290
 -0.295
 -0.295
 -0.305
 -0.300
 -0.300
 -0.295
 -0.305
 -0.290
 -0.285
 -0.305
 -0.295
 -0.300
 -0.315
 -0.320
 -0.335
 -0.355
 -0.340
 -0.340
 -0.460
 -0.850
 -1.490
 -2.130
 -2.765
 -3.035
 -3.145
 -3.215
 -3.235
 -3.250
 -3.230
 -3.215
 -3.080
 -2.925
 -2.735
 -2.610
 -2.525
 -2.430
 -2.240
 -1.980
 -1.645
 -1.320
 -1.040
 -0.825
 -0.685
 -0.575
 -0.450
 -0.280
 -0.145
 -0.010
  0.085
  0.090
  0.085
  0.090
  0.115
  0.090
  0.115
  0.135
  0.145
  0.180
  0.170
  0.160
  0.175
  0.190
  0.190
  0.180
  0.210
  0.235
  0.230
  0.240
  0.265
  0.265
  0.275
  0.285
  0.305
  0.310
  0.325
  0.335
  0.350
  0.370
  0.375
  0.380
  0.410
  0.425
  0.435
  0.465
  0.470
  0.480
  0.495
  0.530
  0.545
  0.550
  0.570
  0.610
  0.635
  0.655
  0.655
  0.670
  0.685
  0.695
  0.730
  0.725
  0.760
  0.765
  0.745
  0.775
  0.785
  0.760
  0.755
  0.765
  0.760
  0.750
  0.755
  0.750
  0.730
  0.695
  0.675
  0.650
  0.585
  0.560
  0.535
  0.490
  0.470
  0.425
  0.345
  0.315
  0.245
  0.215
  0.145
  0.125
  0.075
  0.035
  0.005
 -0.010
 -0.040
 -0.060
 -0.085
 -0.115
 -0.130
 -0.120
 -0.130
 -0.145
 -0.145
 -0.145
 -0.160
 -0.175
 -0.160
 -0.140
 -0.150
 -0.160
 -0.150
 -0.160
 -0.160
 -0.160
 -0.160
 -0.165
 -0.145
 -0.150
 -0.165
 -0.145
 -0.160
 -0.180
 -0.175
 -0.170
 -0.180
 -0.190
 -0.190
 -0.195
 -0.190
 -0.185
 -0.200
 -0.230
 -0.235
 -0.210
 -0.230
 -0.240
 -0.230
 -0.230
 -0.255
 -0.230
 -0.260
 -0.265
 -0.250
 -0.255
 -0.260
 -0.255
 -0.250
 -0.270
 -0.250
 -0.260
 -0.280
 -0.280
 -0.280
 -0.250
 -0.260
 -0.235
 -0.215
 -0.195
 -0.190
 -0.200
 -0.180
 -0.160
 -0.155
 -0.145
 -0.135
 -0.150
 -0.160
 -0.170
 -0.170
 -0.215
 -0.255
 -0.260
 -0.260
 -0.260
 -0.285
 -0.305
 -0.300
 -0.330
 -0.330
 -0.330
 -0.320
 -0.305
 -0.295
 -0.305
 -0.315
 -0.325
 -0.310
 -0.315
 -0.320
 -0.320
 -0.285
 -0.320
 -0.330
 -0.300
 -0.300
 -0.330
 -0.310
 -0.305
 -0.300
 -0.310
 -0.305
 -0.305
 -0.300
 -0.290
 -0.300
 -0.300
 -0.300
 -0.315
 -0.330
 -0.340
 -0.315
 -0.265
 -0.245
 -0.420
 -0.960
 -1.600
 -2.240
 -2.880
 -3.195
 -3.305
 -3.345
 -3.380
 -3.405
 -3.400
 -3.330
 -3.160
 -2.960
 -2.770
 -2.665
 -2.575
 -2.455
 -2.205
 -1.855
 -1.465
 -1.135
 -0.900
 -0.730
 -0.600
 -0.460
 -0.240
 -0.060
  0.055
  0.120
  0.145
  0.145
  0.150
  0.155
  0.175
  0.180
  0.185
  0.200
  0.185
  0.210
  0.230
  0.225
  0.245
  0.250
  0.240
  0.245
  0.270
  0.270
  0.275
  0.275
  0.300
  0.315
  0.305
  0.345
  0.355
  0.360
  0.375
  0.375
  0.400
  0.405
  0.415
  0.435
  0.455
  0.480
  0.485
  0.480
  0.520
  0.545
  0.575
  0.580
  0.620
  0.635
  0.625
  0.670
  0.685
  0.695
  0.710
  0.735
  0.790
  0.785
  0.790
  0.805
  0.825
  0.825
  0.825
  0.835
  0.820
  0.835
  0.860
  0.855
  0.855
  0.820
  0.795
  0.790
  0.785
  0.770
  0.735
  0.700
  0.665
  0.605
  0.575
  0.520
  0.465
  0.415
  0.375
  0.305
  0.270
  0.215
  0.155
  0.115
  0.085
  0.050
  0.005
 -0.010
 -0.020
 -0.065
 -0.085
 -0.080
 -0.095
 -0.110
 -0.110
 -0.120
 -0.125
 -0.110
 -0.135
 -0.125
 -0.120
 -0.125
 -0.135
 -0.125
 -0.110
 -0.080
 -0.060
 -0.015
  0.025
  0.040
  0.065
  0.115
  0.170
  0.210
  0.240
  0.300
  0.355
  0.400
  0.455
  0.515
  0.580
  0.625
  0.660
  0.680
  0.705
  0.675
  0.635
  0.580
  0.510
  0.420
  0.350
  0.290
  0.250
  0.190
  0.150
  0.125
  0.130
  0.185
  0.245
  0.275
  0.245
  0.170
  0.065
 -0.065
 -0.260
 -0.560
 -0.830
 -1.005
 -1.040
 -0.940
 -0.745
 -0.555
 -0.430
 -0.400
 -0.390
 -0.410
 -0.460
 -0.470
 -0.480
 -0.505
 -0.490
 -0.460
 -0.430
 -0.435
 -0.430
 -0.445
 -0.435
 -0.435
 -0.425
 -0.420
 -0.415
 -0.395
 -0.405
 -0.415
 -0.420
 -0.420
 -0.430
 -0.425
 -0.430
 -0.445
 -0.445
 -0.420
 -0.445
 -0.445
 -0.465
 -0.480
 -0.450
 -0.440
 -0.440
 -0.445
 -0.425
 -0.440
 -0.430
 -0.435
 -0.415
 -0.425
 -0.420
 -0.415
 -0.400
 -0.385
 -0.380
 -0.375
 -0.355
 -0.350
 -0.325
 -0.295
 -0.270
 -0.245
 -0.255
 -0.225
 -0.195
 -0.180
 -0.155
 -0.130
 -0.095
 -0.065
 -0.060
 -0.025
 -0.030
 -0.010
 -0.020
  0.020
  0.030
  0.045
  0.075
  0.075
  0.115
  0.105
  0.120
  0.105
  0.085
  0.100
  0.075
  0.055
  0.080
  0.045
  0.020
 -0.010
 -0.015
 -0.055
 -0.065
 -0.085
 -0.105
 -0.115
 -0.150
 -0.150
 -0.160
 -0.175
 -0.185
 -0.195
 -0.195
 -0.215
 -0.195
 -0.220
 -0.205
 -0.235
 -0.225
 -0.245
 -0.255
 -0.250
 -0.260
 -0.215
 -0.250
 -0.235
 -0.240
 -0.255
 -0.255
 -0.255
 -0.260
 -0.265
 -0.265
 -0.265
 -0.255
 -0.265
 -0.265
 -0.240
 -0.255
 -0.275
 -0.270
 -0.270
 -0.285
 -0.290
 -0.270
 -0.265
 -0.290
 -0.270
 -0.295
 -0.310
 -0.285
 -0.285
 -0.285
 -0.265
 -0.280
 -0.290
 -0.275
 -0.275
 -0.285
 -0.275
 -0.265
 -0.270
 -0.270
 -0.270
 -0.285
 -0.295
 -0.290
 -0.275
 -0.280
 -0.280
 -0.260
 -0.260
 -0.250
 -0.275
 -0.250
 -0.275
 -0.260
 -0.245
 -0.260
 -0.255
 -0.265
 -0.270
 -0.270
 -0.275
 -0.280
 -0.275
 -0.255
 -0.265
 -0.265
 -0.270
 -0.255
 -0.290
 -0.285
 -0.280
 -0.300
 -0.290
 -0.275
 -0.270
 -0.290
 -0.260
 -0.280
 -0.280
 -0.290
 -0.285
 -0.305
 -0.295
 -0.305
 -0.305
 -0.275
 -0.280
 -0.275
 -0.285
 -0.305
 -0.285
 -0.300
 -0.285
 -0.300
 -0.285
 -0.310
 -0.295
 -0.300
 -0.295
 -0.310
 -0.315
 -0.290
 -0.305
 -0.295
 -0.295
 -0.315
 -0.310
 -0.295
 -0.315
 -0.280
 -0.290
 -0.260
 -0.265
 -0.225
 -0.220
 -0.205
 -0.210
 -0.170
 -0.160
 -0.175
 -0.175
 -0.185
 -0.185
 -0.185
 -0.225
 -0.245
 -0.285
 -0.290
 -0.285
 -0.295
 -0.315
 -0.315
 -0.340
 -0.345
 -0.350
 -0.365
 -0.365
 -0.350
 -0.350
 -0.350
 -0.320
 -0.345
 -0.355
 -0.375
 -0.355
 -0.365
 -0.355
 -0.360
 -0.360
 -0.365
 -0.340
 -0.335
 -0.350
 -0.375
 -0.350
 -0.345
 -0.340
 -0.345
 -0.320
 -0.350
 -0.340
 -0.355
 -0.370
 -0.380
 -0.380
 -0.345
 -0.285
 -0.270
 -0.545
 -1.175
 -1.815
 -2.455
 -3.095
 -3.350
 -3.430
 -3.505
 -3.530
 -3.540
 -3.525
 -3.450
 -3.300
 -3.110
 -2.970
 -2.885
 -2.800
 -2.655
 -2.370
 -2.000
 -1.610
 -1.235
 -0.995
 -0.805
 -0.675
 -0.500
 -0.300
 -0.135
  0.000
  0.065
  0.100
  0.055
  0.085
  0.120
  0.110
  0.120
  0.140
  0.155
  0.145
  0.155
  0.160
  0.145
  0.155
  0.180
  0.200
  0.190
  0.210
  0.225
  0.220
  0.240
  0.245
  0.270
  0.260
  0.270
  0.275
  0.315
  0.315
  0.320
  0.315
  0.340
  0.350
  0.375
  0.380
  0.405
  0.410
  0.415
  0.450
  0.450
  0.500
  0.510
  0.550
  0.535
  0.565
  0.615
  0.615
  0.635
  0.645
  0.660
  0.685
  0.695
  0.720
  0.740
  0.755
  0.770
  0.755
  0.760
  0.775
  0.785
  0.785
  0.800
  0.790
  0.770
  0.785
  0.775
  0.750
  0.735
  0.735
  0.720
  0.685
  0.660
  0.650
  0.615
  0.565
  0.510
  0.480
  0.415
  0.375
  0.345
  0.295
  0.235
  0.190
  0.165
  0.120
  0.085
  0.050
  0.015
 -0.025
 -0.025
 -0.050
 -0.060
 -0.040
 -0.080
 -0.095
 -0.095
 -0.090
 -0.100
 -0.105
 -0.095
 -0.100
 -0.085
 -0.070
 -0.100
 -0.095
 -0.080
 -0.080
 -0.075
 -0.085
 -0.060
 -0.085
 -0.080
 -0.090
 -0.090
 -0.120
 -0.090
 -0.095
 -0.115
 -0.120
 -0.105
 -0.140
 -0.145
 -0.170
 -0.170
 -0.160
 -0.160
 -0.170
 -0.175
 -0.185
 -0.195
 -0.210
 -0.220
 -0.215
 -0.220
 -0.230
 -0.225
 -0.235
 -0.230
 -0.255
 -0.240
 -0.265
 -0.250
 -0.245
 -0.240
 -0.255
 -0.245
 -0.260
 -0.255
 -0.260
 -0.245
 -0.230
 -0.200
 -0.185
 -0.175
 -0.140
 -0.130
 -0.110
 -0.130
 -0.120
 -0.100
 -0.120
 -0.150
 -0.120
 -0.175
 -0.210
 -0.235
 -0.265
 -0.260
 -0.265
 -0.285
 -0.295
 -0.305
 -0.310
 -0.315
 -0.330
 -0.310
 -0.310
 -0.295
 -0.305
 -0.305
 -0.310
 -0.305
 -0.310
 -0.300
 -0.310
 -0.310
 -0.305
 -0.305
 -0.310
 -0.320
 -0.300
 -0.330
 -0.315
 -0.315
 -0.315
 -0.305
 -0.295
 -0.305
 -0.295
 -0.285
 -0.265
 -0.295
 -0.330
 -0.295
 -0.310
 -0.255
 -0.190
 -0.260
 -0.665
 -1.305
 -1.945
 -2.585
 -3.225
 -3.430
 -3.525
 -3.535
 -3.565
 -3.575
 -3.550
 -3.460
 -3.340
 -3.155
 -2.995
 -2.895
 -2.815
 -2.660
 -2.310
 -1.895
 -1.470
 -1.115
 -0.895
 -0.730
 -0.590
 -0.375
 -0.200
 -0.020
  0.115
  0.165
  0.170
  0.150
  0.150
  0.185
  0.205
  0.195
  0.215
  0.225
  0.230
  0.240
  0.260
  0.250
  0.265
  0.265
  0.275
  0.310
  0.310
  0.310
  0.340
  0.350
  0.350
  0.365
  0.370
  0.375
  0.415
  0.420
  0.440
  0.465
  0.465
  0.485
  0.485
  0.510
  0.540
  0.570
  0.560
  0.575
  0.605
  0.630
  0.670
  0.665
  0.685
  0.735
  0.750
  0.780
  0.810
  0.830
  0.850
  0.870
  0.890
  0.885
  0.910
  0.935
  0.935
  0.950
  0.955
  1.000
  0.970
  0.965
  0.975
  0.990
  0.980
  0.965
  0.975
  0.930
  0.925
  0.890
  0.845
  0.810
  0.795
  0.770
  0.700
  0.690
  0.615
  0.570
  0.530
  0.455
  0.390
  0.340
  0.275
  0.250
  0.195
  0.170
  0.130
  0.070
  0.050
  0.035
  0.010
  0.000
 -0.005
 -0.015
 -0.025
 -0.045
 -0.055
 -0.020
 -0.040
 -0.025
 -0.045
 -0.035
 -0.030
 -0.040
 -0.035
 -0.035
 -0.025
 -0.045
 -0.060
 -0.045
 -0.030
 -0.050
 -0.035
 -0.040
 -0.055
 -0.040
 -0.065
 -0.070
 -0.080
 -0.060
 -0.090
 -0.080
 -0.085
 -0.100
 -0.115
 -0.110
 -0.120
 -0.100
 -0.130
 -0.135
 -0.130
 -0.135
 -0.140
 -0.150
 -0.160
 -0.180
 -0.160
 -0.155
 -0.145
 -0.150
 -0.160
 -0.160
 -0.155
 -0.175
 -0.165
 -0.150
 -0.130
 -0.090
 -0.095
 -0.075
 -0.065
 -0.055
 -0.045
 -0.045
 -0.060
 -0.045
 -0.040
 -0.040
 -0.080
 -0.115
 -0.170
 -0.175
 -0.170
 -0.180
 -0.225
 -0.225
 -0.230
 -0.235
 -0.250
 -0.245
 -0.245
 -0.225
 -0.225
 -0.220
 -0.225
 -0.225
 -0.220
 -0.200
 -0.220
 -0.230
 -0.225
 -0.235
 -0.230
 -0.210
 -0.215
 -0.230
 -0.200
 -0.235
 -0.255
 -0.230
 -0.235
 -0.215
 -0.220
 -0.215
 -0.215
 -0.215
 -0.240
 -0.265
 -0.260
 -0.265
 -0.235
 -0.185
 -0.175
 -0.425
 -1.025
 -1.665
 -2.305
 -2.945
 -3.480
 -3.605
 -3.655
 -3.720
 -3.715
 -3.690
 -3.605
 -3.440
 -3.190
 -2.990
 -2.880
 -2.740
 -2.585
 -2.295
 -1.900
 -1.525
 -1.185
 -0.935
 -0.765
 -0.580
 -0.435
 -0.225
 -0.030
  0.105
  0.180
  0.200
  0.180
  0.180
  0.210
  0.225
  0.245
  0.235
  0.245
  0.250
  0.275
  0.275
  0.250
  0.275
  0.280
  0.305
  0.285
  0.310
  0.335
  0.305
  0.335
  0.345
  0.355
  0.355
  0.385
  0.415
  0.420
  0.425
  0.435
  0.455
  0.465
  0.470
  0.500
  0.525
  0.550
  0.560
  0.585
  0.605
  0.610
  0.650
  0.665
  0.675
  0.700
  0.725
  0.745
  0.795
  0.795
  0.820
  0.835
  0.865
  0.875
  0.885
  0.915
  0.925
  0.945
  0.940
  0.930
  0.935
  0.950
  0.965
  0.940
  0.965
  0.955
  0.925
  0.915
  0.880
  0.860
  0.845
  0.810
  0.755
  0.745
  0.700
  0.645
  0.595
  0.525
  0.470
  0.415
  0.365
  0.310
  0.265
  0.230
  0.190
  0.140
  0.100
  0.070
  0.050
  0.030
  0.000
  0.000
 -0.010
 -0.030
 -0.035
 -0.055
 -0.045
 -0.050
 -0.030
 -0.025
 -0.015
 -0.015
 -0.035
 -0.015
 -0.010
 -0.010
 -0.010
 -0.015
  0.015
 -0.005
 -0.015
  0.000
 -0.020
  0.000
 -0.030
 -0.035
 -0.060
 -0.040
 -0.050
 -0.035
 -0.030
 -0.055
 -0.060
 -0.070
 -0.070
 -0.080
 -0.085
 -0.090
 -0.085
 -0.105
 -0.095
 -0.115
 -0.110
 -0.105
 -0.115
 -0.110
 -0.120
 -0.125
 -0.125
 -0.115
 -0.125
 -0.105
 -0.120
 -0.110
 -0.095
 -0.075
 -0.050
 -0.045
 -0.020
 -0.020
 -0.020
 -0.015
 -0.010
 -0.015
 -0.015
 -0.020
 -0.060
 -0.065
 -0.090
 -0.140
 -0.150
 -0.140
 -0.160
 -0.165
 -0.175
 -0.175
 -0.200
 -0.220
 -0.210
 -0.195
 -0.170
 -0.175
 -0.190
 -0.185
 -0.180
 -0.190
 -0.215
 -0.190
 -0.185
 -0.195
 -0.195
 -0.190
 -0.200
 -0.190
 -0.185
 -0.170
 -0.180
 -0.195
 -0.200
 -0.175
 -0.170
 -0.175
 -0.165
 -0.185
 -0.195
 -0.195
 -0.210
 -0.215
 -0.185
 -0.130
 -0.130
 -0.375
 -0.930
 -1.570
 -2.210
 -2.850
 -3.120
 -3.200
 -3.235
 -3.250
 -3.295
 -3.275
 -3.240
 -3.090
 -2.925
 -2.755
 -2.640
 -2.570
 -2.445
 -2.210
 -1.875
 -1.490
 -1.115
 -0.870
 -0.705
 -0.575
 -0.440
 -0.285
 -0.095
  0.050
  0.145
  0.195
  0.175
  0.190
  0.170
  0.175
  0.205
  0.220
  0.240
  0.230
  0.260
  0.260
  0.270
  0.255
  0.270
  0.285
  0.285
  0.305
  0.325
  0.320
  0.300
  0.315
  0.330
  0.335
  0.365
  0.380
  0.375
  0.390
  0.415
  0.415
  0.395
  0.440
  0.455
  0.465
  0.495
  0.520
  0.530
  0.535
  0.580
  0.570
  0.595
  0.615
  0.630
  0.660
  0.675
  0.695
  0.710
  0.740
  0.735
  0.760
  0.775
  0.775
  0.795
  0.820
  0.800
  0.820
  0.820
  0.840
  0.825
  0.840
  0.860
  0.840
  0.835
  0.805
  0.775
  0.755
  0.745
  0.725
  0.690
  0.665
  0.610
  0.565
  0.545
  0.470
  0.430
  0.390
  0.345
  0.290
  0.250
  0.185
  0.160
  0.125
  0.105
  0.055
  0.020
  0.005
  0.000
 -0.015
 -0.030
 -0.035
 -0.050
 -0.035
 -0.085
 -0.065
 -0.070
 -0.040
 -0.060
 -0.050
 -0.050
 -0.065
 -0.060
 -0.055
 -0.040
 -0.060
 -0.040
 -0.035
 -0.025
 -0.050
 -0.025
 -0.045
 -0.055
 -0.030
 -0.050
 -0.060
 -0.040
 -0.070
 -0.050
 -0.050
 -0.050
 -0.080
 -0.055
 -0.090
 -0.080
 -0.070
 -0.100
 -0.090
 -0.095
 -0.110
 -0.105
 -0.095
 -0.105
 -0.120
 -0.105
 -0.115
 -0.115
 -0.095
 -0.120
 -0.105
 -0.115
 -0.115
 -0.105
 -0.080
 -0.080
 -0.065
 -0.060
 -0.050
 -0.030
 -0.025
 -0.025
 -0.025
 -0.055
 -0.045
 -0.035
 -0.060
 -0.080
 -0.100
 -0.130
 -0.140
 -0.135
 -0.135
 -0.145
 -0.160
 -0.175
 -0.180
 -0.180
 -0.175
 -0.175
 -0.185
 -0.175
 -0.165
 -0.180
 -0.180
 -0.185
 -0.170
 -0.170
 -0.160
 -0.185
 -0.190
 -0.185
 -0.195
 -0.195
 -0.165
 -0.190
 -0.190
 -0.200
 -0.175
 -0.190
 -0.170
 -0.170
 -0.160
 -0.210
 -0.165
 -0.195
 -0.195
 -0.180
 -0.165
 -0.100
 -0.120
 -0.435
 -1.055
 -1.695
 -2.170
 -2.405
 -2.520
 -2.570
 -2.600
 -2.595
 -2.605
 -2.570
 -2.485
 -2.365
 -2.210
 -2.100
 -2.040
 -1.980
 -1.850
 -1.615
 -1.350
 -1.035
 -0.785
 -0.610
 -0.525
 -0.400
 -0.280
 -0.150
  0.005
  0.100
  0.145
  0.155
  0.135
  0.140
  0.155
  0.140
  0.155
  0.170
  0.185
  0.170
  0.180
  0.175
  0.175
  0.200
  0.190
  0.215
  0.205
  0.205
  0.230
  0.225
  0.205
  0.230
  0.245
  0.255
  0.280
  0.295
  0.280
  0.295
  0.305
  0.315
  0.325
  0.345
  0.350
  0.370
  0.390
  0.390
  0.415
  0.440
  0.470
  0.480
  0.465
  0.500
  0.520
  0.545
  0.565
  0.590
  0.600
  0.610
  0.625
  0.645
  0.660
  0.655
  0.675
  0.685
  0.700
  0.705
  0.710
  0.715
  0.715
  0.690
  0.715
  0.705
  0.735
  0.715
  0.680
  0.660
  0.650
  0.610
  0.590
  0.540
  0.505
  0.470
  0.455
  0.400
  0.350
  0.300
  0.285
  0.225
  0.195
  0.155
  0.110
  0.100
  0.055
  0.025
  0.010
  0.000
 -0.040
 -0.035
 -0.045
 -0.050
 -0.055
 -0.030
 -0.050
 -0.075
 -0.075
 -0.060
 -0.055
 -0.065
 -0.040
 -0.045
 -0.050
 -0.050
 -0.025
 -0.040
 -0.040
 -0.035
 -0.020
 -0.020
 -0.015
 -0.020
 -0.030
 -0.035
 -0.035
 -0.045
 -0.025
 -0.015
 -0.025
 -0.045
 -0.030
 -0.045
 -0.050
 -0.060
 -0.080
 -0.080
 -0.060
 -0.070
 -0.045
 -0.070
 -0.060
 -0.070