  0.075
 -0.130
 -0.470
 -0.855
 -1.210
 -1.540
 -1.890
 -2.210
 -2.445
 -2.560
 -2.510
 -2.200
 -1.785
 -1.410
 -1.140
 -0.955
 -0.780
 -0.710
 -0.610
 -0.550
 -0.510
 -0.480
 -0.425
 -0.425
 -0.390
 -0.370
 -0.380
 -0.365
 -0.320
 -0.320
 -0.335
 -0.340
 -0.330
 -0.325
 -0.310
 -0.310
 -0.300
 -0.275
 -0.265
 -0.225
 -0.210
 -0.195
 -0.175
 -0.165
 -0.140
 -0.120
 -0.115
 -0.070
 -0.055
 -0.050
 -0.030
 -0.025
 -0.005
 -0.005
 -0.020
 -0.015
  0.015
  0.000
  0.015
  0.000
 -0.040
 -0.045
 -0.065
 -0.065
 -0.095
 -0.115
 -0.130
 -0.135
 -0.150
 -0.190
 -0.210
 -0.250
 -0.275
 -0.305
 -0.315
 -0.330
 -0.345
 -0.365
 -0.370
 -0.380
 -0.380
 -0.375
 -0.385
 -0.400
 -0.405
 -0.390
 -0.385
 -0.405
 -0.395
 -0.375
 -0.360
 -0.365
 -0.325
 -0.270
 -0.250
 -0.240
 -0.235
 -0.225
 -0.220
 -0.240
 -0.320
 -0.345
 -0.350
 -0.365
 -0.390
 -0.415
 -0.425
 -0.435
 -0.430
 -0.410
 -0.425
 -0.425
 -0.420
 -0.420
 -0.445
 -0.450
 -0.460
 -0.450
 -0.465
 -0.465
 -0.475
 -0.480
 -0.445
 -0.475
 -0.465
 -0.480
 -0.490
 -0.485
 -0.500
 -0.500
 -0.500
 -0.475
 -0.485
 -0.470
 -0.455
 -0.440
 -0.420
 -0.425
 -0.400
 -0.380
 -0.385
 -0.290
 -0.150
 -0.060
 -0.135
 -0.365
 -0.715
 -1.080
 -1.430
 -1.785
 -2.050
 -2.280
 -2.415
 -2.440
 -2.255
 -1.920
 -1.565
 -1.310
 -1.115
 -0.970
 -0.870
 -0.795
 -0.700
 -0.655
 -0.635
 -0.565
 -0.570
 -0.560
 -0.545
 -0.495
 -0.515
 -0.490
 -0.480
 -0.460
 -0.470
 -0.450
 -0.450
 -0.425
 -0.435
 -0.420
 -0.415
 -0.400
 -0.385
 -0.370
 -0.360
 -0.340
 -0.310
 -0.280
 -0.260
 -0.240
 -0.240
 -0.200
 -0.230
 -0.205
 -0.195
 -0.175
 -0.155
 -0.155
 -0.145
 -0.135
 -0.145
 -0.140
 -0.100
 -0.120
 -0.130
 -0.155
 -0.165
 -0.190
 -0.210
 -0.230
 -0.255
 -0.275
 -0.300
 -0.315
 -0.330
 -0.345
 -0.370
 -0.375
 -0.430
 -0.410
 -0.425
 -0.420
 -0.440
 -0.460
 -0.470
 -0.475
 -0.475
 -0.480
 -0.480
 -0.470
 -0.465
 -0.470
 -0.480
 -0.490
 -0.485
 -0.455
 -0.450
 -0.420
 -0.390
 -0.360
 -0.345
 -0.340
 -0.345
 -0.390
 -0.445
 -0.470
 -0.505
 -0.515
 -0.530
 -0.520
 -0.515
 -0.520
 -0.515
 -0.525
 -0.520
 -0.520
 -0.530
 -0.525
 -0.510
 -0.520
 -0.525
 -0.510
 -0.515
 -0.525
 -0.525
 -0.525
 -0.545
 -0.545
 -0.525
 -0.515
 -0.525
 -0.540
 -0.510
 -0.520
 -0.550
 -0.505
 -0.490
 -0.495
 -0.495
 -0.465
 -0.460
 -0.450
 -0.425
 -0.425
 -0.405
 -0.365
 -0.260
 -0.145
 -0.100
 -0.220
 -0.460
 -0.795
 -1.115
 -1.440
 -1.785
 -2.000
 -2.215
 -2.390
 -2.450
 -2.275
 -1.945
 -1.590
 -1.325
 -1.110
 -0.985
 -0.860
 -0.775
 -0.700
 -0.645
 -0.615
 -0.580
 -0.570
 -0.545
 -0.515
 -0.515
 -0.505
 -0.490
 -0.480
 -0.465
 -0.465
 -0.475
 -0.480
 -0.450
 -0.450
 -0.435
 -0.425
 -0.410
 -0.405
 -0.390
 -0.365
 -0.355
 -0.335
 -0.320
 -0.295
 -0.285
 -0.270
 -0.265
 -0.240
 -0.220
 -0.210
 -0.195
 -0.180
 -0.155
 -0.165
 -0.155
 -0.155
 -0.170
 -0.175
 -0.170
 -0.165
 -0.205
 -0.200
 -0.205
 -0.205
 -0.240
 -0.245
 -0.265
 -0.310
 -0.330
 -0.345
 -0.350
 -0.375
 -0.375
 -0.415
 -0.460
 -0.435
 -0.455
 -0.490
 -0.520
 -0.520
 -0.530
 -0.510
 -0.500
 -0.515
 -0.535
 -0.515
 -0.495
 -0.485
 -0.450
 -0.440
 -0.420
 -0.405
 -0.365
 -0.330
 -0.330
 -0.310
 -0.305
 -0.305
 -0.350
 -0.395
 -0.425
 -0.465
 -0.470
 -0.460
 -0.455
 -0.470
 -0.450
 -0.450
 -0.460
 -0.455
 -0.450
 -0.460
 -0.460
 -0.465
 -0.470
 -0.485
 -0.480
 -0.475
 -0.485
 -0.465
 -0.500
 -0.510
 -0.495
 -0.505
 -0.500
 -0.475
 -0.470
 -0.485
 -0.480
 -0.470
 -0.465
 -0.455
 -0.470
 -0.450
 -0.435
 -0.420
 -0.400
 -0.390
 -0.360
 -0.305
 -0.220
 -0.095
 -0.100
 -0.280
 -0.665
 -1.015
 -1.330
 -1.690
 -2.030
 -2.305
 -2.530
 -2.635
 -2.565
 -2.265
 -1.890
 -1.520
 -1.240
 -1.100
 -0.975
 -0.850
 -0.740
 -0.685
 -0.620
 -0.585
 -0.565
 -0.535
 -0.530
 -0.490
 -0.485
 -0.465
 -0.450
 -0.430
 -0.440
 -0.435
 -0.445
 -0.430
 -0.415
 -0.385
 -0.385
 -0.370
 -0.350
 -0.330
 -0.310
 -0.270
 -0.230
 -0.220
 -0.200
 -0.170
 -0.160
 -0.120
 -0.110
 -0.090
 -0.070
 -0.035
 -0.030
 -0.055
 -0.030
 -0.030
 -0.035
 -0.010
 -0.010
 -0.015
 -0.035
 -0.010
 -0.040
 -0.055
 -0.100
 -0.105
 -0.130
 -0.175
 -0.190
 -0.215
 -0.250
 -0.255
 -0.275
 -0.300
 -0.300
 -0.310
 -0.345
 -0.345
 -0.365
 -0.380
 -0.370
 -0.395
 -0.400
 -0.400
 -0.395
 -0.405
 -0.390
 -0.415
 -0.395
 -0.385
 -0.370
 -0.355
 -0.330
 -0.300
 -0.245
 -0.240
 -0.245
 -0.225
 -0.260
 -0.245
 -0.280
 -0.330
 -0.335
 -0.370
 -0.400
 -0.415
 -0.430
 -0.415
 -0.440
 -0.435
 -0.430
 -0.425
 -0.450
 -0.460
 -0.465
 -0.470
 -0.460
 -0.460
 -0.460
 -0.445
 -0.465
 -0.480
 -0.470
 -0.490
 -0.475
 -0.480
 -0.485
 -0.480
 -0.465
 -0.465
 -0.465
 -0.475
 -0.480
 -0.465
 -0.430
 -0.395
 -0.375
 -0.380
 -0.380
 -0.340
 -0.290
 -0.150
 -0.040
 -0.135
 -0.425
 -0.830
 -1.210
 -1.560
 -1.930
 -2.265
 -2.525
 -2.700
 -2.755
 -2.625
 -2.255
 -1.830
 -1.495
 -1.230
 -1.070
 -0.935
 -0.815
 -0.750
 -0.680
 -0.650
 -0.615
 -0.580
 -0.560
 -0.540
 -0.520
 -0.520
 -0.510
 -0.505
 -0.495
 -0.485
 -0.500
 -0.510
 -0.475
 -0.465
 -0.450
 -0.450
 -0.425
 -0.410
 -0.375
 -0.380
 -0.355
 -0.320
 -0.295
 -0.310
 -0.295
 -0.250
 -0.230
 -0.215
 -0.195
 -0.215
 -0.195
 -0.190
 -0.185
 -0.180
 -0.190
 -0.150
 -0.195
 -0.180
 -0.165
 -0.195
 -0.230
 -0.225
 -0.240
 -0.265
 -0.270
 -0.280
 -0.320
 -0.340
 -0.355
 -0.390
 -0.385
 -0.415
 -0.435
 -0.455
 -0.460
 -0.490
 -0.505
 -0.515
 -0.535
 -0.525
 -0.530
 -0.545
 -0.535
 -0.535
 -0.535
 -0.530
 -0.520
 -0.530
 -0.505
 -0.465
 -0.460
 -0.445
 -0.400
 -0.375
 -0.365
 -0.340
 -0.345
 -0.350
 -0.385
 -0.405
 -0.450
 -0.480
 -0.495
 -0.515
 -0.505
 -0.505
 -0.525
 -0.510
 -0.510
 -0.515
 -0.515
 -0.520
 -0.500
 -0.505
 -0.540
 -0.525
 -0.510
 -0.530
 -0.525
 -0.545
 -0.540
 -0.530
 -0.550
 -0.550
 -0.530
 -0.565
 -0.560
 -0.545
 -0.510
 -0.540
 -0.540
 -0.525
 -0.510
 -0.535
 -0.495
 -0.475
 -0.470
 -0.470
 -0.450
 -0.380
 -0.270
 -0.155
 -0.125
 -0.250
 -0.560
 -0.910
 -1.240
 -1.605
 -1.905
 -2.185
 -2.390
 -2.500
 -2.470
 -2.225
 -1.870
 -1.530
 -1.255
 -1.070
 -0.940
 -0.855
 -0.770
 -0.725
 -0.655
 -0.625
 -0.610
 -0.585
 -0.575
 -0.550
 -0.530
 -0.535
 -0.525
 -0.525
 -0.510
 -0.515
 -0.495
 -0.515
 -0.500
 -0.470
 -0.460
 -0.455
 -0.445
 -0.420
 -0.405
 -0.390
 -0.390
 -0.365
 -0.350
 -0.320
 -0.270
 -0.270
 -0.245
 -0.215
 -0.215
 -0.205
 -0.185
 -0.180
 -0.180
 -0.190
 -0.150
 -0.180
 -0.155
 -0.180
 -0.180
 -0.185
 -0.190
 -0.220
 -0.245
 -0.255
 -0.260
 -0.280
 -0.315
 -0.345
 -0.355
 -0.385
 -0.385
 -0.410
 -0.430
 -0.450
 -0.480
 -0.485
 -0.465
 -0.490
 -0.465
 -0.480
 -0.490
 -0.495
 -0.510
 -0.495
 -0.490
 -0.485
 -0.490
 -0.490
 -0.465
 -0.470
 -0.425
 -0.390
 -0.395
 -0.380
 -0.380
 -0.355
 -0.365
 -0.385
 -0.435
 -0.500
 -0.510
 -0.495
 -0.520
 -0.525
 -0.550
 -0.530
 -0.540
 -0.540
 -0.535
 -0.530
 -0.520
 -0.520
 -0.515
 -0.550
 -0.540
 -0.525
 -0.535
 -0.520
 -0.515
 -0.550
 -0.530
 -0.515
 -0.490
 -0.510
 -0.540
 -0.550
 -0.540
 -0.535
 -0.550
 -0.535
 -0.525
 -0.530
 -0.535
 -0.515
 -0.465
 -0.455
 -0.430
 -0.425
 -0.425
 -0.390
 -0.295
 -0.160
 -0.120
 -0.230
 -0.525
 -0.855
 -1.180
 -1.495
 -1.820
 -2.075
 -2.275
 -2.440
 -2.505
 -2.325
 -1.960
 -1.630
 -1.335
 -1.155
 -1.015
 -0.910
 -0.810
 -0.760
 -0.705
 -0.675
 -0.620
 -0.595
 -0.575
 -0.545
 -0.545
 -0.520
 -0.505
 -0.515
 -0.480
 -0.470
 -0.490
 -0.465
 -0.450
 -0.450
 -0.425
 -0.410
 -0.385
 -0.325
 -0.340
 -0.350
 -0.320
 -0.310
 -0.305
 -0.265
 -0.260
 -0.240
 -0.230
 -0.180
 -0.165
 -0.155
 -0.170
 -0.170
 -0.140
 -0.100
 -0.095
 -0.130
 -0.105
 -0.100
 -0.130
 -0.130
 -0.130
 -0.125
 -0.160
 -0.160
 -0.190
 -0.225
 -0.225
 -0.245
 -0.305
 -0.315
 -0.320
 -0.340
 -0.375
 -0.385
 -0.395
 -0.390
 -0.400
 -0.430
 -0.455
 -0.415
 -0.440
 -0.420
 -0.440
 -0.425
 -0.420
 -0.425
 -0.415
 -0.400
 -0.380
 -0.340
 -0.315
 -0.280
 -0.245
 -0.235
 -0.225
 -0.220
 -0.230
 -0.230
 -0.275
 -0.310
 -0.340
 -0.375
 -0.385
 -0.390
 -0.400
 -0.410
 -0.375
 -0.380
 -0.385
 -0.360
 -0.370
 -0.360
 -0.390
 -0.390
 -0.410
 -0.395
 -0.400
 -0.390
 -0.395
 -0.380
 -0.405
 -0.410
 -0.430
 -0.415
 -0.405
 -0.405
 -0.405
 -0.400
 -0.410
 -0.390
 -0.390
 -0.395
 -0.370
 -0.370
 -0.345
 -0.315
 -0.280
 -0.290
 -0.280
 -0.220
 -0.060
  0.000
 -0.100
 -0.400
 -0.775
 -1.125
 -1.460
 -1.830
 -2.150
 -2.405
 -2.580
 -2.580
 -2.375
 -2.020
 -1.625
 -1.335
 -1.100
 -0.960
 -0.835
 -0.715
 -0.620
 -0.555
 -0.505
 -0.475
 -0.460
 -0.460
 -0.445
 -0.415
 -0.400
 -0.375
 -0.385
 -0.385
 -0.345
 -0.340
 -0.310
 -0.305
 -0.320
 -0.300
 -0.295
 -0.265
 -0.240
 -0.235
 -0.230
 -0.205
 -0.195
 -0.170
 -0.145
 -0.105
 -0.090
 -0.060
 -0.050
 -0.055
 -0.040
 -0.025
  0.000
 -0.005
 -0.020
 -0.010
  0.000
  0.000
 -0.010
 -0.005
 -0.025
 -0.030
 -0.055
 -0.080
 -0.085
 -0.105
 -0.130
 -0.165
 -0.170
 -0.205
 -0.250
 -0.255
 -0.285
 -0.305
 -0.325
 -0.350
 -0.370
 -0.355
 -0.360
 -0.365
 -0.360
 -0.370
 -0.370
 -0.385
 -0.375
 -0.380
 -0.390
 -0.390
 -0.365
 -0.335
 -0.310
 -0.280
 -0.290
 -0.270
 -0.255
 -0.225
 -0.235
 -0.230
 -0.240
 -0.290
 -0.320
 -0.355
 -0.390
 -0.425
 -0.400
 -0.405
 -0.410
 -0.400
 -0.415
 -0.415
 -0.405
 -0.410
 -0.415
 -0.445
 -0.450
 -0.430
 -0.445
 -0.425
 -0.430
 -0.455
 -0.465
 -0.465
 -0.455
 -0.450
 -0.430
 -0.460
 -0.440
 -0.435
 -0.440
 -0.430
 -0.425
 -0.460
 -0.450
 -0.460
 -0.410
 -0.365
 -0.335
 -0.335
 -0.330
 -0.310
 -0.175
 -0.055
 -0.060
 -0.260
 -0.605
 -0.975
 -1.320
 -1.700
 -2.035
 -2.365
 -2.560
 -2.655
 -2.600
 -2.290
 -1.900
 -1.520
 -1.285
 -1.095
 -0.945
 -0.830
 -0.740
 -0.675
 -0.615
 -0.570
 -0.545
 -0.530
 -0.490
 -0.495
 -0.475
 -0.495
 -0.480
 -0.505
 -0.505
 -0.485
 -0.470
 -0.435
 -0.430
 -0.400
 -0.395
 -0.385
 -0.360
 -0.340
 -0.290
 -0.310
 -0.290
 -0.245
 -0.235
 -0.220
 -0.195
 -0.175
 -0.165
 -0.135
 -0.130
 -0.105
 -0.095
 -0.110
 -0.080
 -0.085
 -0.105
 -0.080
 -0.090
 -0.080
 -0.105
 -0.130
 -0.160
 -0.145
 -0.180
 -0.205
 -0.200
 -0.225
 -0.235
 -0.275
 -0.290
 -0.335
 -0.355
 -0.375
 -0.410
 -0.420
 -0.415
 -0.420
 -0.425
 -0.425
 -0.410
 -0.425
 -0.435
 -0.445
 -0.455
 -0.445
 -0.410
 -0.400
 -0.425
 -0.440
 -0.405
 -0.390
 -0.350
 -0.255
 -0.175
 -0.180
 -0.230
 -0.290
 -0.310
 -0.315
 -0.315
 -0.345
 -0.340
 -0.410
 -0.445
 -0.470
 -0.500
 -0.495
 -0.490
 -0.440
 -0.450
 -0.430
 -0.425
 -0.420
 -0.450
 -0.470
 -0.470
 -0.455
 -0.445
 -0.420
 -0.415
 -0.450
 -0.435
 -0.440
 -0.460
 -0.475
 -0.460
 -0.455
 -0.450
 -0.465
 -0.485
 -0.465
 -0.490
 -0.465
 -0.445
 -0.410
 -0.395
 -0.365
 -0.380
 -0.365
 -0.320
 -0.230
 -0.120
 -0.035
 -0.135
 -0.390
 -0.745
 -1.070
 -1.430
 -1.760
 -2.045
 -2.305
 -2.435
 -2.435
 -2.215
 -1.845
 -1.490
 -1.235
 -1.030
 -0.905
 -0.800
 -0.720
 -0.670
 -0.625
 -0.580
 -0.575
 -0.590
 -0.570
 -0.575
 -0.540
 -0.510
 -0.490
 -0.470
 -0.490
 -0.475
 -0.455
 -0.465
 -0.460
 -0.450
 -0.425
 -0.390
 -0.340
 -0.335
 -0.350
 -0.380
 -0.405
 -0.370
 -0.330
 -0.310
 -0.265
 -0.225
 -0.190
 -0.190
 -0.185
 -0.220
 -0.205
 -0.205
 -0.185
 -0.195
 -0.160
 -0.165
 -0.160
 -0.150
 -0.140
 -0.125
 -0.140
 -0.160
 -0.185
 -0.190
 -0.205
 -0.220
 -0.240
 -0.260
 -0.305
 -0.305
 -0.315
 -0.340
 -0.380
 -0.460
 -0.495
 -0.495
 -0.495
 -0.520
 -0.495
 -0.480
 -0.495
 -0.510
 -0.485
 -0.485
 -0.475
 -0.465
 -0.475
 -0.430
 -0.430
 -0.440
 -0.435
 -0.435
 -0.410
 -0.430
 -0.430
 -0.420
 -0.415
 -0.395
 -0.420
 -0.460
 -0.480
 -0.480
 -0.505
 -0.520
 -0.525
 -0.525
 -0.485
 -0.495
 -0.525
 -0.560
 -0.570
 -0.550
 -0.540
 -0.550
 -0.550
 -0.525
 -0.545
 -0.520
 -0.510
 -0.500
 -0.520
 -0.535
 -0.540
 -0.520
 -0.505
 -0.480
 -0.525
 -0.535
 -0.520
 -0.510
 -0.510
 -0.500
 -0.500
 -0.485
 -0.480
 -0.445
 -0.410
 -0.365
 -0.350
 -0.355
 -0.280
 -0.185
 -0.105
 -0.195
 -0.435
 -0.770
 -1.090
 -1.380
 -1.705
 -1.990
 -2.205
 -2.355
 -2.425
 -2.280
 -1.935
 -1.625
 -1.360
 -1.185
 -1.015
 -0.865
 -0.770
 -0.700
 -0.655
 -0.580
 -0.580
 -0.535
 -0.500
 -0.470
 -0.480
 -0.475
 -0.465
 -0.455
 -0.430
 -0.435
 -0.415
 -0.435
 -0.425
 -0.410
 -0.385
 -0.370
 -0.360
 -0.310
 -0.260
 -0.230
 -0.235
 -0.275
 -0.330
 -0.325
 -0.295
 -0.265
 -0.220
 -0.190
 -0.170
 -0.160
 -0.150
 -0.120
 -0.110
 -0.110
 -0.100
 -0.085
 -0.075
 -0.075
 -0.090
 -0.070
 -0.075
 -0.075
 -0.105
 -0.115
 -0.125
 -0.165
 -0.175
 -0.200
 -0.225
 -0.230
 -0.265
 -0.310
 -0.315
 -0.345
 -0.345
 -0.355
 -0.370
 -0.370
 -0.365
 -0.380
 -0.370
 -0.380
 -0.385
 -0.385
 -0.355
 -0.330
 -0.320
 -0.300
 -0.340
 -0.360
 -0.340
 -0.330
 -0.320
 -0.290
 -0.230
 -0.235
 -0.210
 -0.180
 -0.215
 -0.245
 -0.290
 -0.320
 -0.320
 -0.330
 -0.320
 -0.330
 -0.335
 -0.325
 -0.325
 -0.325
 -0.325
 -0.320
 -0.305
 -0.330
 -0.375
 -0.420
 -0.430
 -0.440
 -0.405
 -0.390
 -0.410
 -0.380
 -0.395
 -0.390
 -0.385
 -0.360
 -0.345
 -0.350
 -0.395
 -0.395
 -0.360
 -0.385
 -0.375
 -0.360
 -0.355
 -0.320
 -0.315
 -0.270
 -0.240
 -0.205
 -0.105
 -0.020
 -0.005
 -0.130
 -0.410
 -0.785
 -1.165
 -1.510
 -1.815
 -2.085
 -2.330
 -2.490
 -2.510
 -2.305
 -1.905
 -1.540
 -1.235
 -1.050
 -0.895
 -0.785
 -0.655
 -0.565
 -0.515
 -0.485
 -0.480
 -0.455
 -0.450
 -0.405
 -0.365
 -0.340
 -0.355
 -0.340
 -0.330
 -0.320
 -0.310
 -0.285
 -0.285
 -0.275
 -0.275
 -0.275
 -0.240
 -0.245
 -0.230
 -0.190
 -0.200
 -0.165
 -0.150
 -0.120
 -0.105
 -0.075
 -0.080
 -0.040
 -0.035
 -0.005
  0.000
  0.000
 -0.005
  0.025
  0.035
  0.035
  0.045
  0.010
 -0.005
 -0.005
 -0.015
 -0.030
 -0.075
 -0.100
 -0.110
 -0.135
 -0.165
 -0.180
 -0.175
 -0.205
 -0.225
 -0.240
 -0.270
 -0.275
 -0.290
 -0.335
 -0.345
 -0.335
 -0.340
 -0.325
 -0.335
 -0.355
 -0.405
 -0.430
 -0.435
 -0.390
 -0.365
 -0.365
 -0.340
 -0.335
 -0.285
 -0.265
 -0.230
 -0.160
 -0.135
 -0.145
 -0.165
 -0.165
 -0.230
 -0.295
 -0.350
 -0.355
 -0.340
 -0.340
 -0.390
 -0.390
 -0.365
 -0.340
 -0.365
 -0.355
 -0.370
 -0.400
 -0.420
 -0.430
 -0.405
 -0.380
 -0.410
 -0.410
 -0.415
 -0.405
 -0.390
 -0.395
 -0.405
 -0.390
 -0.405
 -0.405
 -0.385
 -0.375
 -0.380
 -0.380
 -0.360
 -0.355
 -0.355
 -0.340
 -0.335
 -0.320
 -0.300
 -0.295
 -0.230
 -0.140
 -0.020
 -0.020
 -0.215
 -0.575
 -0.940
 -1.275
 -1.610
 -1.980
 -2.275
 -2.500
 -2.615
 -2.550
 -2.230
 -1.815
 -1.440
 -1.185
 -1.010
 -0.845
 -0.780
 -0.685
 -0.625
 -0.560
 -0.530
 -0.500
 -0.465
 -0.450
 -0.470
 -0.480
 -0.450
 -0.415
 -0.380
 -0.390
 -0.380
 -0.380
 -0.395
 -0.355
 -0.335
 -0.310
 -0.320
 -0.335
 -0.310
 -0.340
 -0.355
 -0.355
 -0.315
 -0.245
 -0.200
 -0.165
 -0.200
 -0.175
 -0.150
 -0.120
 -0.125
 -0.115
 -0.085
 -0.095
 -0.095
 -0.050
 -0.015
 -0.050
 -0.100
 -0.150
 -0.185
 -0.170
 -0.165
 -0.160
 -0.165
 -0.225
 -0.275
 -0.285
 -0.300
 -0.315
 -0.325
 -0.355
 -0.350
 -0.375
 -0.405
 -0.415
 -0.390
 -0.390
 -0.380
 -0.415
 -0.455
 -0.485
 -0.470
 -0.465
 -0.470
 -0.465
 -0.465
 -0.450
 -0.415
 -0.380
 -0.340
 -0.300
 -0.280
 -0.245
 -0.250
 -0.230
 -0.230
 -0.230
 -0.290
 -0.350
 -0.395
 -0.435
 -0.390
 -0.385
 -0.430
 -0.455
 -0.490
 -0.495
 -0.475
 -0.465
 -0.470
 -0.450
 -0.480
 -0.495
 -0.490
 -0.470
 -0.480
 -0.490
 -0.480
 -0.460
 -0.505
 -0.485
 -0.490
 -0.485
 -0.500
 -0.485
 -0.490
 -0.470
 -0.460
 -0.450
 -0.495
 -0.455
 -0.440
 -0.425
 -0.400
 -0.395
 -0.390
 -0.415
 -0.390
 -0.310
 -0.195
 -0.065
 -0.080
 -0.270
 -0.580
 -0.930
 -1.280
 -1.605
 -1.930
 -2.155
 -2.360
 -2.435
 -2.325
 -2.015
 -1.650
 -1.325
 -1.145
 -1.030
 -0.925
 -0.830
 -0.760
 -0.710
 -0.685
 -0.620
 -0.580
 -0.560
 -0.535
 -0.510
 -0.500
 -0.485
 -0.515
 -0.505
 -0.495
 -0.455
 -0.470
 -0.455
 -0.400
 -0.375
 -0.340
 -0.360
 -0.385
 -0.370
 -0.400
 -0.420
 -0.415
 -0.330
 -0.275
 -0.240
 -0.250
 -0.225
 -0.230
 -0.180
 -0.175
 -0.190
 -0.230
 -0.230
 -0.255
 -0.220
 -0.195
 -0.110
 -0.125
 -0.140
 -0.135
 -0.135
 -0.145
 -0.105
 -0.085
 -0.135
 -0.225
 -0.265
 -0.295
 -0.305
 -0.335
 -0.330
 -0.340
 -0.390
 -0.405
 -0.440
 -0.410
 -0.410
 -0.420
 -0.405
 -0.410
 -0.400
 -0.415
 -0.395
 -0.385
 -0.385
 -0.405
 -0.385
 -0.400
 -0.395
 -0.375
 -0.380
 -0.360
 -0.330
 -0.285
 -0.270
 -0.230
 -0.200
 -0.210
 -0.285
 -0.360
 -0.395
 -0.440
 -0.465
 -0.440
 -0.415
 -0.400
 -0.410
 -0.425
 -0.455
 -0.420
 -0.390
 -0.345
 -0.335
 -0.385
 -0.425
 -0.455
 -0.495
 -0.515
 -0.490
 -0.505
 -0.490
 -0.475
 -0.450
 -0.455
 -0.465
 -0.455
 -0.470
 -0.470
 -0.460
 -0.440
 -0.435
 -0.445
 -0.420
 -0.415
 -0.410
 -0.365
 -0.330
 -0.310
 -0.305
 -0.290
 -0.230
 -0.120
 -0.015
 -0.035
 -0.190
 -0.485
 -0.805
 -1.095
 -1.420
 -1.705
 -1.930
 -2.120
 -2.285
 -2.280
 -2.050
 -1.700
 -1.380
 -1.130
 -0.935
 -0.795
 -0.720
 -0.630
 -0.550
 -0.505
 -0.505
 -0.495
 -0.500
 -0.460
 -0.470
 -0.440
 -0.410
 -0.370
 -0.355
 -0.370
 -0.390
 -0.375
 -0.365
 -0.370
 -0.355
 -0.350
 -0.310
 -0.280
 -0.275
 -0.310
 -0.305
 -0.270
 -0.240
 -0.185
 -0.135
 -0.135
 -0.105
 -0.095
 -0.080
 -0.090
 -0.080
 -0.055
 -0.035
 -0.025
 -0.040
 -0.025
 -0.015
 -0.010
  0.000
 -0.015
 -0.045
 -0.060
 -0.070
 -0.080
 -0.065
 -0.070
 -0.095
 -0.135
 -0.145
 -0.210
 -0.230
 -0.265
 -0.295
 -0.310
 -0.315
 -0.340
 -0.360
 -0.340
 -0.365
 -0.350
 -0.360
 -0.370
 -0.385
 -0.400
 -0.380
 -0.350
 -0.360
 -0.350
 -0.340
 -0.325
 -0.295
 -0.265
 -0.220
 -0.160
 -0.180
 -0.165
 -0.190
 -0.195
 -0.230
 -0.255
 -0.240
 -0.310
 -0.330
 -0.390
 -0.395
 -0.380
 -0.365
 -0.350
 -0.355
 -0.390
 -0.380
 -0.355
 -0.310
 -0.345
 -0.415
 -0.455
 -0.465
 -0.410
 -0.420
 -0.430
 -0.445
 -0.435
 -0.430
 -0.405
 -0.395
 -0.405
 -0.430
 -0.460
 -0.445
 -0.415
 -0.375
 -0.360
 -0.385
 -0.410
 -0.395
 -0.375
 -0.355
 -0.330
 -0.295
 -0.285
 -0.210
 -0.080
  0.005
 -0.070
 -0.315
 -0.655
 -0.965
 -1.305
 -1.680
 -2.025
 -2.275
 -2.410
 -2.465
 -2.270
 -1.905
 -1.545
 -1.270
 -1.045
 -0.870
 -0.745
 -0.650
 -0.580
 -0.525
 -0.470
 -0.450
 -0.425
 -0.400
 -0.390
 -0.370
 -0.345
 -0.345
 -0.320
 -0.305
 -0.295
 -0.290
 -0.300
 -0.305
 -0.270
 -0.290
 -0.265
 -0.250
 -0.235
 -0.230
 -0.225
 -0.185
 -0.175
 -0.125
 -0.115
 -0.065
 -0.050
 -0.050
 -0.025
 -0.025
 -0.025
 -0.045
 -0.035
  0.020
  0.035
  0.025
  0.020
 -0.005
  0.020
  0.015
 -0.010
 -0.025
  0.015
  0.010
  0.005
 -0.080
 -0.140
 -0.205
 -0.205
 -0.180
 -0.185
 -0.230
 -0.255
 -0.280
 -0.310
 -0.285
 -0.295
 -0.285
 -0.295
 -0.280
 -0.320
 -0.355
 -0.390
 -0.375
 -0.360
 -0.350
 -0.325
 -0.335
 -0.355
 -0.350
 -0.315
 -0.295
 -0.260
 -0.245
 -0.200
 -0.175
 -0.155
 -0.145
 -0.175
 -0.230
 -0.250
 -0.290
 -0.310
 -0.260
 -0.250
 -0.320
 -0.400
 -0.440
 -0.445
 -0.395
 -0.400
 -0.425
 -0.405
 -0.385
 -0.380
 -0.385
 -0.365
 -0.370
 -0.380
 -0.390
 -0.385
 -0.385
 -0.390
 -0.360
 -0.320
 -0.355
 -0.425
 -0.430
 -0.410
 -0.390
 -0.390
 -0.375
 -0.380
 -0.390
 -0.395
 -0.350
 -0.320
 -0.270
 -0.235
 -0.220
 -0.210
 -0.110
 -0.055
 -0.180
 -0.500
 -0.850
 -1.175
 -1.525
 -1.845
 -2.145
 -2.350
 -2.465
 -2.430
 -2.130
 -1.780
 -1.435
 -1.170
 -0.990
 -0.860
 -0.750
 -0.660
 -0.590
 -0.515
 -0.475
 -0.500
 -0.480
 -0.455
 -0.455
 -0.435
 -0.425
 -0.410
 -0.420
 -0.365
 -0.380
 -0.355
 -0.355
 -0.350
 -0.370
 -0.375
 -0.370
 -0.345
 -0.320
 -0.275
 -0.235
 -0.255
 -0.230
 -0.230
 -0.230
 -0.185
 -0.150
 -0.125
 -0.125
 -0.105
 -0.120
 -0.110
 -0.080
 -0.060
 -0.060
 -0.060
 -0.065
 -0.060
 -0.080
 -0.095
 -0.090
 -0.105
 -0.100
 -0.100
 -0.095
 -0.150
 -0.185
 -0.215
 -0.225
 -0.240
 -0.255
 -0.275
 -0.290
 -0.345
 -0.385
 -0.415
 -0.420
 -0.390
 -0.410
 -0.410
 -0.430
 -0.435
 -0.430
 -0.445
 -0.445
 -0.460
 -0.415
 -0.410
 -0.405
 -0.360
 -0.330
 -0.305
 -0.325
 -0.315
 -0.305
 -0.245
 -0.230
 -0.225
 -0.210
 -0.275
 -0.365
 -0.445
 -0.455
 -0.410
 -0.395
 -0.395
 -0.435
 -0.435
 -0.445
 -0.415
 -0.405
 -0.365
 -0.375
 -0.390
 -0.445
 -0.445
 -0.435
 -0.435
 -0.440
 -0.420
 -0.420
 -0.440
 -0.440
 -0.440
 -0.420
 -0.425
 -0.410
 -0.420
 -0.425
 -0.420
 -0.405
 -0.405
 -0.415
 -0.420
 -0.395
 -0.395
 -0.340
 -0.320
 -0.330
 -0.275
 -0.220
 -0.085
  0.000
 -0.065
 -0.265
 -0.595
 -0.890
 -1.200
 -1.510
 -1.790
 -2.025
 -2.230
 -2.260
 -2.190
 -1.925
 -1.585
 -1.295
 -1.055
 -0.910
 -0.800
 -0.715
 -0.660
 -0.590
 -0.550
 -0.495
 -0.470
 -0.480
 -0.480
 -0.465
 -0.455
 -0.445
 -0.405
 -0.420
 -0.390
 -0.395
 -0.360
 -0.325
 -0.260
 -0.275
 -0.345
 -0.420
 -0.435
 -0.370
 -0.310
 -0.290
 -0.290
 -0.235
 -0.230
 -0.195
 -0.150
 -0.155
 -0.190
 -0.165
 -0.135
 -0.080
 -0.100
 -0.100
 -0.100
 -0.105
 -0.080
 -0.045
 -0.055
 -0.055
 -0.035
 -0.060
 -0.060
 -0.045
 -0.085
 -0.135
 -0.145
 -0.155
 -0.205
 -0.195
 -0.190
 -0.220
 -0.230
 -0.220
 -0.260
 -0.255
 -0.270
 -0.285
 -0.300
 -0.320
 -0.340
 -0.365
 -0.345
 -0.350
 -0.305
 -0.310
 -0.300
 -0.305
 -0.310
 -0.295
 -0.265
 -0.265
 -0.250
 -0.205
 -0.160
 -0.130
 -0.170
 -0.205
 -0.245
 -0.275
 -0.305
 -0.320
 -0.320
 -0.350
 -0.370
 -0.365
 -0.380
 -0.360
 -0.340
 -0.350
 -0.335
 -0.325
 -0.315
 -0.340
 -0.375
 -0.390
 -0.405
 -0.390
 -0.345
 -0.325
 -0.310
 -0.365
 -0.375
 -0.405
 -0.420
 -0.435
 -0.435
 -0.390
 -0.395
 -0.345
 -0.335
 -0.330
 -0.345
 -0.340
 -0.330
 -0.310
 -0.295
 -0.260
 -0.265
 -0.230
 -0.140
 -0.070
  0.050
  0.045
 -0.105
 -0.405
 -0.720
 -1.025
 -1.345
 -1.620
 -1.870
 -2.095
 -2.280
 -2.260
 -1.985
 -1.625
 -1.355
 -1.115
 -0.960
 -0.805
 -0.685
 -0.605
 -0.525
 -0.460
 -0.425
 -0.410
 -0.390
 -0.360
 -0.330
 -0.335
 -0.320
 -0.320
 -0.320
 -0.300
 -0.295
 -0.280
 -0.255
 -0.250
 -0.260
 -0.235
 -0.215
 -0.195
 -0.190
 -0.165
 -0.160
 -0.150
 -0.135
 -0.120
 -0.130
 -0.110
 -0.070
 -0.040
 -0.060
 -0.040
 -0.015
  0.005
  0.005
  0.015
  0.030
 -0.015
  0.005
  0.010
  0.000
  0.035
 -0.005
  0.000
  0.005
 -0.005
 -0.055
 -0.115
 -0.140
 -0.155
 -0.150
 -0.160
 -0.150
 -0.180
 -0.160
 -0.175
 -0.230
 -0.270
 -0.330
 -0.365
 -0.385
 -0.375
 -0.385
 -0.355
 -0.320
 -0.300
 -0.290
 -0.290
 -0.275
 -0.275
 -0.250
 -0.210
 -0.230
 -0.270
 -0.245
 -0.180
 -0.130
 -0.105
 -0.080
 -0.140
 -0.140
 -0.160
 -0.160
 -0.195
 -0.190
 -0.235
 -0.230
 -0.230
 -0.205
 -0.200
 -0.210
 -0.195
 -0.175
 -0.205
 -0.230
 -0.260
 -0.280
 -0.235
 -0.205
 -0.190
 -0.220
 -0.265
 -0.305
 -0.305
 -0.285
 -0.270
 -0.235
 -0.205
 -0.220
 -0.240
 -0.275
 -0.285
 -0.255
 -0.210
 -0.200
 -0.230
 -0.235
 -0.220
 -0.205
 -0.185
 -0.140
 -0.115
 -0.025
  0.110
  0.130
 -0.020
 -0.295
 -0.640
 -0.965
 -1.295
 -1.630
 -1.920
 -2.170
 -2.370
 -2.380
 -2.185
 -1.805
 -1.475
 -1.155
 -0.925
 -0.780
 -0.650
 -0.575
 -0.505
 -0.440
 -0.385
 -0.380
 -0.350
 -0.295
 -0.290
 -0.290
 -0.260
 -0.240
 -0.240
 -0.210
 -0.225
 -0.215
 -0.210
 -0.180
 -0.170
 -0.130
 -0.130
 -0.100
 -0.110
 -0.085
 -0.090
 -0.070
 -0.035
 -0.005
 -0.005
 -0.025
 -0.020
 -0.005
  0.035
  0.070
  0.070
  0.105
  0.115
  0.095
  0.085
  0.070
  0.085
  0.080
  0.055
  0.045
  0.080
  0.115
  0.095
  0.055
  0.010
  0.000
 -0.030
 -0.085
 -0.115
 -0.145
 -0.135
 -0.155
 -0.170
 -0.225
 -0.240
 -0.280
 -0.285
 -0.265
 -0.275
 -0.265
 -0.280
 -0.280
 -0.290
 -0.310
 -0.280
 -0.285
 -0.290
 -0.280
 -0.280
 -0.265
 -0.220
 -0.195
 -0.180
 -0.140
 -0.115
 -0.110
 -0.100
 -0.105
 -0.125
 -0.135
 -0.170
 -0.190
 -0.185
 -0.125
 -0.065
 -0.030
 -0.025
 -0.065
 -0.070
 -0.095
 -0.125
 -0.160
 -0.195
 -0.140
 -0.060
  0.065
  0.200
  0.320
  0.445
  0.585
  0.730
  0.885
  1.020
  1.215
  1.435
  1.650
  1.785
  1.850
  1.795
  1.640
  1.390
  1.025
  0.645
  0.260
 -0.155
 -0.485
 -0.665
 -0.755
 -0.850
 -0.955
 -1.030
 -1.090
 -1.100
 -1.100
 -1.100
 -1.095
 -1.085
 -1.110
 -1.115
 -1.115
 -1.170
 -1.230
 -1.295
 -1.320
 -1.350
 -1.370
 -1.385
 -1.400
 -1.420
 -1.445
 -1.465
 -1.495
 -1.490
 -1.465
 -1.465
 -1.470
 -1.490
 -1.470
 -1.455
 -1.435
 -1.405
 -1.380
 -1.345
 -1.295
 -1.265
 -1.240
 -1.175
 -1.135
 -1.115
 -1.070
 -1.010
 -0.960
 -0.915
 -0.870
 -0.830
 -0.815
 -0.765
 -0.710
 -0.685
 -0.640
 -0.615
 -0.565
 -0.535
 -0.495
 -0.505
 -0.535
 -0.535
 -0.545
 -0.540
 -0.505
 -0.465
 -0.500
 -0.480
 -0.490
 -0.490
 -0.485
 -0.475
 -0.495
 -0.505
 -0.510
 -0.520
 -0.515
 -0.470
 -0.440
 -0.410
 -0.415
 -0.435
 -0.440
 -0.445
 -0.415
 -0.365
 -0.395
 -0.465
 -0.490
 -0.490
 -0.470
 -0.480
 -0.485
 -0.480
 -0.450
 -0.420
 -0.410
 -0.375
 -0.365
 -0.325
 -0.305
 -0.250
 -0.205
 -0.205
 -0.185
 -0.215
 -0.235
 -0.295
 -0.285
 -0.300
 -0.325
 -0.335
 -0.335
 -0.340
 -0.330
 -0.305
 -0.310
 -0.315
 -0.350
 -0.370
 -0.375
 -0.385
 -0.380
 -0.365
 -0.360
 -0.350
 -0.365
 -0.360
 -0.370
 -0.365
 -0.370
 -0.370
 -0.360
 -0.375
 -0.380
 -0.365
 -0.330
 -0.345
 -0.340
 -0.345
 -0.340
 -0.325
 -0.295
 -0.275
 -0.270
 -0.275
 -0.190
 -0.090
  0.015
 -0.005
 -0.155
 -0.420
 -0.740
 -1.075
 -1.385
 -1.700
 -1.950
 -2.145
 -2.255
 -2.220
 -1.955
 -1.545
 -1.220
 -0.990
 -0.825
 -0.755
 -0.735
 -0.695
 -0.590
 -0.490
 -0.405
 -0.385
 -0.375
 -0.400
 -0.430
 -0.425
 -0.390
 -0.380
 -0.400
 -0.400
 -0.405
 -0.370
 -0.340
 -0.315
 -0.315
 -0.300
 -0.260
 -0.230
 -0.200
 -0.185
 -0.180
 -0.145
 -0.150
 -0.110
 -0.105
 -0.060
 -0.075
 -0.050
 -0.055
 -0.025
 -0.020
  0.020
  0.015
  0.020
  0.005
  0.015
  0.015
  0.000
  0.015
  0.050
  0.040
  0.025
  0.020
  0.025
  0.030
  0.015
  0.010
 -0.035
 -0.040
 -0.045
 -0.075
 -0.095
 -0.135
 -0.135
 -0.160
 -0.205
 -0.240
 -0.290
 -0.290
 -0.315
 -0.345
 -0.345
 -0.360
 -0.365
 -0.380
 -0.350
 -0.355
 -0.360
 -0.350
 -0.320
 -0.305
 -0.250
 -0.245
 -0.205
 -0.200
 -0.175
 -0.155
 -0.110
 -0.120
 -0.130
 -0.220
 -0.290
 -0.275
 -0.255
 -0.295
 -0.335
 -0.385
 -0.385
 -0.365
 -0.335
 -0.315
 -0.330
 -0.320
 -0.310
 -0.285
 -0.305
 -0.300
 -0.315
 -0.320
 -0.300
 -0.305
 -0.325
 -0.350
 -0.380
 -0.345
 -0.370
 -0.360
 -0.340
 -0.365
 -0.355
 -0.380
 -0.355
 -0.355
 -0.355
 -0.350
 -0.310
 -0.310
 -0.285
 -0.280
 -0.255
 -0.265
 -0.230
 -0.120
 -0.045
 -0.005
 -0.120
 -0.355
 -0.700
 -1.030
 -1.365
 -1.700
 -1.955
 -2.180
 -2.300
 -2.270
 -2.050
 -1.730
 -1.410
 -1.120
 -0.950
 -0.840
 -0.775
 -0.720
 -0.640
 -0.585
 -0.525
 -0.510
 -0.485
 -0.430
 -0.435
 -0.425
 -0.420
 -0.400
 -0.360
 -0.350
 -0.340
 -0.295
 -0.315
 -0.340
 -0.370
 -0.360
 -0.305
 -0.270
 -0.275
 -0.255
 -0.275
 -0.265
 -0.255
 -0.220
 -0.205
 -0.145
 -0.085
 -0.055
 -0.040
 -0.045
 -0.025
 -0.020
 -0.030
 -0.025
 -0.010
 -0.040
 -0.050
 -0.045
 -0.045
 -0.080
 -0.065
 -0.065
 -0.070
 -0.075
 -0.095
 -0.105
 -0.155
 -0.160
 -0.165
 -0.170
 -0.195
 -0.205
 -0.240
 -0.250
 -0.255
 -0.280
 -0.290
 -0.315
 -0.320
 -0.335
 -0.320
 -0.335
 -0.345
 -0.320
 -0.305
 -0.310
 -0.325
 -0.320
 -0.295
 -0.300
 -0.285
 -0.240
 -0.185
 -0.155
 -0.160
 -0.160
 -0.140
 -0.130
 -0.150
 -0.200
 -0.280
 -0.295
 -0.350
 -0.375
 -0.355
 -0.345
 -0.330
 -0.325
 -0.320
 -0.345
 -0.335
 -0.350
 -0.360
 -0.345
 -0.335
 -0.345
 -0.340
 -0.330
 -0.340
 -0.340
 -0.350
 -0.335
 -0.350
 -0.360
 -0.360
 -0.340
 -0.310
 -0.275
 -0.320
 -0.425
 -0.470
 -0.440
 -0.390
 -0.345
 -0.290
 -0.290
 -0.285
 -0.240
 -0.230
 -0.190
 -0.105
 -0.020
  0.010
 -0.125
 -0.445
 -0.790
 -1.100
 -1.435
 -1.790
 -2.100
 -2.405
 -2.580
 -2.585
 -2.310
 -1.875
 -1.465
 -1.195
 -1.025
 -0.920
 -0.785
 -0.630
 -0.540
 -0.505
 -0.515
 -0.510
 -0.460
 -0.415
 -0.375
 -0.335
 -0.335
 -0.350
 -0.330
 -0.305
 -0.305
 -0.310
 -0.290
 -0.300
 -0.285
 -0.250
 -0.210
 -0.230
 -0.220
 -0.205
 -0.190
 -0.160
 -0.170
 -0.175
 -0.150
 -0.135
 -0.130
 -0.090
 -0.075
 -0.055
 -0.030
 -0.045
 -0.045
 -0.045
 -0.035
 -0.040
 -0.065
 -0.070
 -0.040
 -0.075
 -0.085
 -0.100
 -0.125
 -0.145
 -0.145
 -0.180
 -0.200
 -0.205
 -0.245
 -0.285
 -0.305
 -0.300
 -0.330
 -0.335
 -0.380
 -0.425
 -0.420
 -0.450
 -0.440
 -0.445
 -0.465
 -0.450
 -0.460
 -0.460
 -0.435
 -0.440
 -0.465
 -0.450
 -0.445
 -0.440
 -0.390
 -0.360
 -0.345
 -0.325
 -0.335
 -0.330
 -0.325
 -0.305
 -0.330
 -0.380
 -0.400
 -0.435
 -0.430
 -0.455
 -0.465
 -0.460
 -0.450
 -0.465
 -0.470
 -0.500
 -0.485
 -0.470
 -0.485
 -0.500
 -0.515
 -0.525
 -0.510
 -0.510
 -0.490
 -0.530
 -0.530
 -0.510
 -0.530
 -0.530
 -0.510
 -0.515
 -0.530
 -0.525
 -0.520
 -0.530
 -0.530
 -0.530
 -0.500
 -0.475
 -0.465
 -0.430
 -0.445
 -0.445
 -0.415
 -0.305
 -0.155
 -0.085
 -0.155
 -0.390
 -0.730
 -1.055
 -1.370
 -1.725
 -2.090
 -2.340
 -2.540
 -2.630
 -2.555
 -2.215
 -1.830
 -1.490
 -1.270
 -1.080
 -0.955
 -0.880
 -0.775
 -0.720
 -0.660
 -0.660
 -0.630
 -0.600
 -0.595
 -0.550
 -0.580
 -0.590
 -0.580
 -0.545
 -0.550
 -0.515
 -0.510
 -0.490
 -0.490
 -0.480
 -0.445
 -0.440
 -0.455
 -0.440
 -0.420
 -0.370
 -0.335
 -0.320
 -0.340
 -0.315
 -0.290
 -0.280
 -0.250
 -0.230
 -0.205
 -0.205
 -0.195
 -0.180
 -0.175
 -0.170
 -0.195
 -0.190
 -0.165
 -0.170
 -0.185
 -0.200
 -0.205
 -0.210
 -0.250
 -0.250
 -0.300
 -0.310
 -0.340
 -0.340
 -0.375
 -0.380
 -0.415
 -0.435
 -0.415
 -0.425
 -0.440
 -0.440
 -0.405
 -0.470
 -0.515
 -0.525
 -0.520
 -0.490
 -0.465
 -0.460
 -0.495
 -0.470
 -0.455
 -0.440
 -0.410
 -0.365
 -0.340
 -0.330
 -0.370
 -0.360
 -0.365
 -0.350
 -0.340
 -0.355
 -0.415
 -0.465
 -0.485
 -0.515
 -0.545
 -0.535
 -0.515
 -0.515
 -0.525
 -0.510
 -0.500
 -0.490
 -0.500
 -0.505
 -0.500
 -0.490
 -0.475
 -0.475
 -0.485
 -0.495
 -0.530
 -0.540
 -0.520
 -0.510
 -0.505
 -0.485
 -0.505
 -0.505
 -0.515
 -0.510
 -0.505
 -0.470
 -0.465
 -0.445
 -0.445
 -0.405
 -0.370
 -0.385
 -0.390
 -0.370
 -0.315
 -0.185
 -0.075
 -0.065
 -0.220
 -0.505
 -0.815
 -1.150
 -1.510
 -1.860
 -2.070
 -2.255
 -2.330
 -2.275
 -1.965
 -1.625
 -1.335
 -1.125
 -0.965
 -0.845
 -0.770
 -0.715
 -0.670
 -0.615
 -0.550
 -0.540
 -0.530
 -0.550
 -0.535
 -0.485
 -0.480
 -0.440
 -0.410
 -0.415
 -0.440
 -0.450
 -0.455
 -0.420
 -0.390
 -0.360
 -0.320
 -0.320
 -0.315
 -0.320
 -0.310
 -0.280
 -0.240
 -0.210
 -0.220
 -0.220
 -0.205
 -0.175
 -0.160
 -0.090
 -0.075
 -0.115
 -0.145
 -0.160
 -0.115
 -0.135
 -0.100
 -0.145
 -0.135
 -0.140
 -0.180
 -0.145
 -0.180
 -0.205
 -0.235
 -0.215
 -0.230
 -0.260
 -0.295
 -0.300
 -0.315
 -0.340
 -0.360
 -0.365
 -0.380
 -0.385
 -0.355
 -0.325
 -0.325
 -0.365
 -0.470
 -0.525
 -0.530
 -0.500
 -0.485
 -0.465
 -0.430
 -0.420
 -0.385
 -0.375
 -0.300
 -0.270
 -0.210
 -0.180
 -0.185
 -0.180
 -0.260
 -0.355
 -0.370
 -0.385
 -0.385
 -0.425
 -0.440
 -0.440
 -0.400
 -0.455
 -0.465
 -0.495
 -0.465
 -0.445
 -0.405
 -0.425
 -0.430
 -0.450
 -0.450
 -0.430
 -0.405
 -0.400
 -0.395
 -0.395
 -0.445
 -0.450
 -0.460
 -0.450
 -0.445
 -0.455
 -0.440
 -0.455
 -0.485
 -0.455
 -0.450
 -0.435
 -0.395
 -0.390
 -0.390
 -0.390
 -0.375
 -0.365
 -0.320
 -0.205
 -0.085
 -0.080
 -0.235
 -0.550
 -0.895
 -1.220
 -1.580
 -1.920
 -2.205
 -2.415
 -2.545
 -2.535
 -2.310
 -1.950
 -1.610
 -1.305
 -1.100
 -0.975
 -0.870
 -0.770
 -0.680
 -0.620
 -0.560
 -0.505
 -0.500