 -1.135
 -1.525
 -1.910
 -2.035
 -2.155
 -2.175
 -2.130
 -1.690
 -1.245
 -0.785
 -0.385
 -0.190
 -0.040
  0.010
  0.055
  0.085
  0.105
  0.115
  0.130
  0.150
  0.165
  0.165
  0.165
  0.170
  0.175
  0.175
  0.180
  0.190
  0.195
  0.195
  0.195
  0.200
  0.205
  0.210
  0.220
  0.230
  0.235
  0.240
  0.245
  0.250
  0.260
  0.270
  0.290
  0.305
  0.315
  0.325
  0.340
  0.355
  0.370
  0.385
  0.405
  0.425
  0.440
  0.455
  0.470
  0.485
  0.495
  0.505
  0.510
  0.510
  0.505
  0.490
  0.465
  0.435
  0.405
  0.375
  0.345
  0.305
  0.260
  0.215
  0.175
  0.140
  0.100
  0.070
  0.040
  0.020
  0.005
 -0.010
 -0.030
 -0.035
 -0.040
 -0.045
 -0.045
 -0.045
 -0.055
 -0.055
 -0.055
 -0.055
 -0.055
 -0.055
 -0.050
 -0.045
 -0.045
 -0.050
 -0.050
 -0.045
 -0.040
 -0.035
 -0.020
  0.020
  0.050
  0.070
  0.085
  0.085
  0.080
  0.065
  0.065
  0.070
  0.065
  0.050
  0.015
 -0.020
 -0.035
 -0.035
 -0.045
 -0.060
 -0.075
 -0.090
 -0.100
 -0.110
 -0.115
 -0.115
 -0.120
 -0.130
 -0.135
 -0.145
 -0.150
 -0.155
 -0.155
 -0.155
 -0.155
 -0.155
 -0.155
 -0.155
 -0.155
 -0.150
 -0.140
 -0.115
 -0.045
 -0.010
 -0.025
 -0.045
 -0.080
 -0.165
 -0.305
 -0.530
 -0.840
 -1.215
 -1.650
 -1.935
 -2.100
 -2.185
 -2.220
 -1.995
 -1.630
 -1.190
 -0.710
 -0.420
 -0.190
 -0.085
 -0.015
  0.020
  0.050
  0.060
  0.070
  0.085
  0.100
  0.110
  0.115
  0.125
  0.130
  0.125
  0.125
  0.125
  0.125
  0.135
  0.145
  0.145
  0.145
  0.145
  0.145
  0.155
  0.165
  0.175
  0.185
  0.190
  0.190
  0.185
  0.195
  0.215
  0.230
  0.245
  0.265
  0.285
  0.295
  0.300
  0.315
  0.335
  0.360
  0.380
  0.390
  0.400
  0.405
  0.405
  0.405
  0.405
  0.395
  0.385
  0.365
  0.340
  0.305
  0.270
  0.235
  0.200
  0.155
  0.115
  0.080
  0.045
  0.015
 -0.010
 -0.030
 -0.045
 -0.055
 -0.065
 -0.070
 -0.075
 -0.080
 -0.085
 -0.090
 -0.090
 -0.075
 -0.075
 -0.075
 -0.075
 -0.080
 -0.085
 -0.085
 -0.085
 -0.085
 -0.085
 -0.090
 -0.095
 -0.100
 -0.105
 -0.105
 -0.105
 -0.110
 -0.110
 -0.105
 -0.110
 -0.125
 -0.125
 -0.125
 -0.130
 -0.135
 -0.135
 -0.135
 -0.140
 -0.145
 -0.145
 -0.145
 -0.145
 -0.145
 -0.145
 -0.145
 -0.150
 -0.155
 -0.155
 -0.150
 -0.145
 -0.135
 -0.120
 -0.110
 -0.105
 -0.095
 -0.080
 -0.055
 -0.030
 -0.025
 -0.030
 -0.055
 -0.085
 -0.100
 -0.110
 -0.120
 -0.130
 -0.130
 -0.125
 -0.130
 -0.140
 -0.155
 -0.170
 -0.180
 -0.185
 -0.185
 -0.185
 -0.190
 -0.195
 -0.200
 -0.205
 -0.205
 -0.200
 -0.195
 -0.195
 -0.195
 -0.195
 -0.195
 -0.195
 -0.195
 -0.190
 -0.185
 -0.180
 -0.175
 -0.145
 -0.090
 -0.065
 -0.065
 -0.085
 -0.120
 -0.225
 -0.370
 -0.605
 -0.890
 -1.280
 -1.710
 -1.965
 -2.175
 -2.250
 -2.295
 -2.160
 -1.995
 -1.465
 -0.900
 -0.570
 -0.250
 -0.155
 -0.060
 -0.030
  0.000
  0.020
  0.045
  0.060
  0.075
  0.085
  0.095
  0.095
  0.095
  0.100
  0.105
  0.115
  0.125
  0.130
  0.130
  0.125
  0.125
  0.140
  0.145
  0.150
  0.160
  0.170
  0.175
  0.175
  0.175
  0.180
  0.200
  0.225
  0.240
  0.250
  0.265
  0.280
  0.295
  0.310
  0.335
  0.360
  0.370
  0.385
  0.400
  0.415
  0.430
  0.445
  0.455
  0.460
  0.455
  0.450
  0.430
  0.405
  0.380
  0.350
  0.310
  0.265
  0.215
  0.165
  0.125
  0.090
  0.060
  0.025
 -0.005
 -0.035
 -0.060
 -0.080
 -0.090
 -0.095
 -0.095
 -0.100
 -0.110
 -0.115
 -0.115
 -0.115
 -0.120
 -0.120
 -0.115
 -0.115
 -0.115
 -0.115
 -0.120
 -0.120
 -0.115
 -0.115
 -0.110
 -0.105
 -0.105
 -0.115
 -0.125
 -0.125
 -0.120
 -0.115
 -0.115
 -0.115
 -0.110
 -0.105
 -0.100
 -0.095
 -0.085
 -0.070
 -0.055
 -0.035
 -0.020
 -0.015
 -0.020
 -0.035
 -0.060
 -0.090
 -0.105
 -0.105
 -0.110
 -0.130
 -0.135
 -0.140
 -0.145
 -0.145
 -0.155
 -0.170
 -0.180
 -0.190
 -0.195
 -0.195
 -0.190
 -0.185
 -0.190
 -0.205
 -0.210
 -0.210
 -0.205
 -0.205
 -0.205
 -0.200
 -0.195
 -0.195
 -0.205
 -0.210
 -0.200
 -0.180
 -0.145
 -0.110
 -0.065
 -0.055
 -0.085
 -0.130
 -0.190
 -0.310
 -0.495
 -0.780
 -1.155
 -1.530
 -1.900
 -2.105
 -2.210
 -2.245
 -2.250
 -1.895
 -1.400
 -0.950
 -0.515
 -0.305
 -0.145
 -0.080
 -0.025
  0.000
  0.020
  0.035
  0.055
  0.065
  0.075
  0.080
  0.085
  0.090
  0.095
  0.100
  0.105
  0.105
  0.105
  0.110
  0.115
  0.125
  0.135
  0.135
  0.135
  0.140
  0.145
  0.150
  0.160
  0.175
  0.185
  0.190
  0.195
  0.200
  0.210
  0.220
  0.240
  0.265
  0.285
  0.300
  0.310
  0.320
  0.340
  0.360
  0.375
  0.390
  0.400
  0.410
  0.410
  0.405
  0.405
  0.400
  0.390
  0.380
  0.350
  0.320
  0.280
  0.245
  0.205
  0.165
  0.130
  0.095
  0.055
  0.025
 -0.005
 -0.030
 -0.045
 -0.055
 -0.060
 -0.065
 -0.075
 -0.085
 -0.085
 -0.080
 -0.075
 -0.075
 -0.075
 -0.075
 -0.080
 -0.085
 -0.085
 -0.085
 -0.085
 -0.085
 -0.085
 -0.090
 -0.100
 -0.105
 -0.105
 -0.105
 -0.105
 -0.105
 -0.105
 -0.105
 -0.105
 -0.110
 -0.110
 -0.105
 -0.105
 -0.110
 -0.115
 -0.120
 -0.125
 -0.125
 -0.120
 -0.110
 -0.095
 -0.080
 -0.070
 -0.060
 -0.040
 -0.015
  0.000
  0.010
  0.000
 -0.015
 -0.045
 -0.080
 -0.095
 -0.095
 -0.095
 -0.100
 -0.105
 -0.105
 -0.115
 -0.130
 -0.145
 -0.160
 -0.165
 -0.165
 -0.165
 -0.170
 -0.175
 -0.175
 -0.175
 -0.170
 -0.165
 -0.165
 -0.165
 -0.165
 -0.170
 -0.175
 -0.175
 -0.175
 -0.175
 -0.165
 -0.145
 -0.115
 -0.060
 -0.030
 -0.045
 -0.080
 -0.140
 -0.245
 -0.405
 -0.660
 -1.000
 -1.395
 -1.825
 -2.055
 -2.155
 -2.200
 -2.210
 -1.865
 -1.365
 -0.930
 -0.510
 -0.290
 -0.120
 -0.055
 -0.010
  0.015
  0.040
  0.055
  0.070
  0.085
  0.095
  0.105
  0.115
  0.115
  0.115
  0.120
  0.125
  0.135
  0.145
  0.150
  0.155
  0.155
  0.155
  0.160
  0.165
  0.175
  0.185
  0.190
  0.195
  0.200
  0.210
  0.220
  0.230
  0.240
  0.250
  0.260
  0.270
  0.280
  0.300
  0.325
  0.345
  0.360
  0.380
  0.400
  0.420
  0.440
  0.445
  0.450
  0.455
  0.460
  0.465
  0.460
  0.445
  0.430
  0.405
  0.380
  0.345
  0.305
  0.260
  0.215
  0.165
  0.125
  0.095
  0.060
  0.025
  0.000
 -0.005
  0.000
  0.025
  0.045
  0.055
  0.065
  0.065
  0.060
  0.055
  0.055
  0.055
  0.055
  0.060
  0.040
  0.005
 -0.015
 -0.030
 -0.040
 -0.050
 -0.060
 -0.070
 -0.075
 -0.080
 -0.085
 -0.090
 -0.100
 -0.115
 -0.120
 -0.125
 -0.125
 -0.125
 -0.130
 -0.135
 -0.135
 -0.135
 -0.140
 -0.145
 -0.145
 -0.145
 -0.145
 -0.145
 -0.150
 -0.140
 -0.110
 -0.075
 -0.040
 -0.030
 -0.055
 -0.095
 -0.155
 -0.290
 -0.480
 -0.795
 -1.195
 -1.570
 -1.935
 -2.090
 -2.155
 -2.090
 -1.985
 -1.510
 -0.940
 -0.585
 -0.265
 -0.155
 -0.070
 -0.035
 -0.005
  0.015
  0.035
  0.050
  0.065
  0.075
  0.085
  0.085
  0.085
  0.090
  0.095
  0.100
  0.105
  0.110
  0.115
  0.120
  0.125
  0.125
  0.125
  0.125
  0.125
  0.135
  0.150
  0.160
  0.170
  0.180
  0.190
  0.200
  0.210
  0.220
  0.235
  0.250
  0.265
  0.280
  0.300
  0.320
  0.325
  0.330
  0.340
  0.350
  0.360
  0.370
  0.370
  0.360
  0.350
  0.340
  0.320
  0.300
  0.280
  0.260
  0.225
  0.195
  0.155
  0.115
  0.090
  0.065
  0.040
  0.020
  0.010
  0.000
 -0.015
 -0.025
 -0.035
 -0.045
 -0.045
 -0.045
 -0.045
 -0.050
 -0.060
 -0.065
 -0.065
 -0.065
 -0.065
 -0.065
 -0.070
 -0.075
 -0.080
 -0.080
 -0.075
 -0.075
 -0.080
 -0.085
 -0.085
 -0.085
 -0.085
 -0.085
 -0.085
 -0.090
 -0.095
 -0.095
 -0.095
 -0.100
 -0.100
 -0.095
 -0.095
 -0.095
 -0.095
 -0.095
 -0.095
 -0.100
 -0.100
 -0.095
 -0.095
 -0.100
 -0.100
 -0.095
 -0.095
 -0.100
 -0.105
 -0.105
 -0.105
 -0.105
 -0.100
 -0.095
 -0.095
 -0.100
 -0.105
 -0.105
 -0.095
 -0.085
 -0.070
 -0.055
 -0.040
 -0.025
 -0.010
  0.000
  0.020
  0.030
  0.010
 -0.005
 -0.035
 -0.065
 -0.070
 -0.075
 -0.080
 -0.085
 -0.090
 -0.095
 -0.095
 -0.095
 -0.105
 -0.115
 -0.125
 -0.135
 -0.135
 -0.135
 -0.140
 -0.145
 -0.145
 -0.145
 -0.145
 -0.140
 -0.135
 -0.135
 -0.135
 -0.135
 -0.140
 -0.135
 -0.125
 -0.085
 -0.030
 -0.015
 -0.005
 -0.035
 -0.070
 -0.205
 -0.350
 -0.625
 -0.910
 -1.320
 -1.715
 -1.930
 -2.130
 -2.175
 -2.185
 -2.000
 -1.740
 -1.200
 -0.715
 -0.400
 -0.155
 -0.055
  0.015
  0.045
  0.075
  0.100
  0.120
  0.135
  0.145
  0.160
  0.165
  0.170
  0.175
  0.180
  0.185
  0.185
  0.190
  0.200
  0.210
  0.220
  0.225
  0.225
  0.230
  0.240
  0.245
  0.250
  0.255
  0.260
  0.265
  0.275
  0.285
  0.295
  0.310
  0.325
  0.335
  0.345
  0.360
  0.375
  0.395
  0.420
  0.445
  0.465
  0.480
  0.495
  0.505
  0.515
  0.525
  0.535
  0.545
  0.550
  0.535
  0.520
  0.495
  0.465
  0.435
  0.405
  0.375
  0.330
  0.285
  0.245
  0.205
  0.160
  0.120
  0.085
  0.050
  0.025
  0.005
 -0.010
 -0.030
 -0.035
 -0.040
 -0.050
 -0.055
 -0.060
 -0.065
 -0.070
 -0.070
 -0.065
 -0.065
 -0.065
 -0.065
 -0.065
 -0.065
 -0.065
 -0.065
 -0.070
 -0.070
 -0.065
 -0.065
 -0.065
 -0.065
 -0.070
 -0.075
 -0.075
 -0.075
 -0.075
 -0.065
 -0.055
 -0.055
 -0.055
 -0.050
 -0.045
 -0.025
  0.000
  0.010
  0.020
  0.010
  0.000
 -0.030
 -0.060
 -0.065
 -0.070
 -0.080
 -0.095
 -0.095
 -0.095
 -0.100
 -0.105
 -0.120
 -0.135
 -0.140
 -0.145
 -0.150
 -0.155
 -0.160
 -0.165
 -0.165
 -0.165
 -0.165
 -0.165
 -0.165
 -0.165
 -0.165
 -0.165
 -0.165
 -0.160
 -0.155
 -0.155
 -0.160
 -0.155
 -0.140
 -0.095
 -0.040
 -0.035
 -0.050
 -0.090
 -0.145
 -0.305
 -0.495
 -0.815
 -1.160
 -1.555
 -1.955
 -2.075
 -2.185
 -2.200
 -2.190
 -1.725
 -1.260
 -0.815
 -0.410
 -0.245
 -0.105
 -0.060
 -0.015
  0.005
  0.030
  0.055
  0.075
  0.080
  0.085
  0.085
  0.085
  0.095
  0.105
  0.110
  0.120
  0.130
  0.130
  0.125
  0.125
  0.125
  0.130
  0.140
  0.145
  0.150
  0.150
  0.145
  0.150
  0.160
  0.180
  0.200
  0.205
  0.210
  0.215
  0.220
  0.245
  0.265
  0.285
  0.305
  0.315
  0.325
  0.340
  0.355
  0.370
  0.385
  0.400
  0.415
  0.415
  0.410
  0.390
  0.380
  0.370
  0.350
  0.325
  0.295
  0.255
  0.210
  0.165
  0.130
  0.105
  0.075
  0.045
  0.015
 -0.005
 -0.025
 -0.045
 -0.055
 -0.060
 -0.065
 -0.065
 -0.065
 -0.070
 -0.075
 -0.080
 -0.080
 -0.075
 -0.075
 -0.075
 -0.075
 -0.075
 -0.075
 -0.075
 -0.080
 -0.085
 -0.085
 -0.085
 -0.090
 -0.095
 -0.100
 -0.100
 -0.095
 -0.095
 -0.100
 -0.105
 -0.110
 -0.115
 -0.120
 -0.120
 -0.115
 -0.110
 -0.105
 -0.100
 -0.095
 -0.085
 -0.075
 -0.060
 -0.040
 -0.020
 -0.005
 -0.010
 -0.020
 -0.050
 -0.085
 -0.095
 -0.100
 -0.110
 -0.120
 -0.125
 -0.125
 -0.135
 -0.145
 -0.155
 -0.165
 -0.165
 -0.165
 -0.175
 -0.185
 -0.185
 -0.185
 -0.185
 -0.185
 -0.185
 -0.185
 -0.185
 -0.185
 -0.190
 -0.190
 -0.180
 -0.175
 -0.175
 -0.175
 -0.175
 -0.140
 -0.085
 -0.065
 -0.065
 -0.085
 -0.115
 -0.205
 -0.325
 -0.550
 -0.810
 -1.180
 -1.580
 -1.830
 -2.050
 -2.120
 -2.170
 -1.980
 -1.775
 -1.280
 -0.785
 -0.495
 -0.225
 -0.140
 -0.060
 -0.030
  0.000
  0.015
  0.035
  0.050
  0.065
  0.065
  0.065
  0.075
  0.085
  0.095
  0.105
  0.105
  0.105
  0.105
  0.105
  0.110
  0.115
  0.120
  0.130
  0.140
  0.145
  0.145
  0.150
  0.160
  0.170
  0.180
  0.190
  0.200
  0.210
  0.220
  0.230
  0.240
  0.260
  0.280
  0.295
  0.315
  0.330
  0.345
  0.355
  0.365
  0.375
  0.385
  0.405
  0.425
  0.430
  0.430
  0.420
  0.410
  0.395
  0.375
  0.355
  0.330
  0.295
  0.255
  0.215
  0.175
  0.140
  0.105
  0.075
  0.040
  0.005
 -0.020
 -0.045
 -0.065
 -0.080
 -0.085
 -0.085
 -0.090
 -0.100
 -0.105
 -0.105
 -0.105
 -0.105
 -0.100
 -0.095
 -0.095
 -0.095
 -0.095
 -0.095
 -0.095
 -0.090
 -0.085
 -0.085
 -0.090
 -0.095
 -0.095
 -0.095
 -0.095
 -0.090
 -0.085
 -0.085
 -0.090
 -0.090
 -0.085
 -0.080
 -0.070
 -0.060
 -0.045
 -0.035
 -0.020
 -0.010
 -0.005
 -0.010
 -0.020
 -0.040
 -0.065
 -0.075
 -0.080
 -0.090
 -0.100
 -0.105
 -0.110
 -0.115
 -0.115
 -0.120
 -0.130
 -0.140
 -0.150
 -0.155
 -0.155
 -0.155
 -0.155
 -0.160
 -0.165
 -0.165
 -0.165
 -0.165
 -0.160
 -0.150
 -0.145
 -0.150
 -0.155
 -0.160
 -0.155
 -0.140
 -0.105
 -0.040
 -0.015
 -0.045
 -0.095
 -0.160
 -0.295
 -0.485
 -0.795
 -1.190
 -1.550
 -1.885
 -2.045
 -2.120
 -2.100
 -2.045
 -1.635
 -1.130
 -0.735
 -0.360
 -0.190
 -0.055
 -0.005
  0.030
  0.050
  0.075
  0.085
  0.095
  0.105
  0.115
  0.125
  0.135
  0.140
  0.145
  0.145
  0.145
  0.145
  0.145
  0.155
  0.165
  0.165
  0.165
  0.170
  0.175
  0.180
  0.185
  0.200
  0.210
  0.220
  0.225
  0.230
  0.240
  0.250
  0.265
  0.280
  0.295
  0.310
  0.325
  0.340
  0.355
  0.370
  0.380
  0.390
  0.405
  0.420
  0.430
  0.445
  0.445
  0.440
  0.435
  0.430
  0.410
  0.390
  0.365
  0.335
  0.295
  0.255
  0.210
  0.175
  0.145
  0.110
  0.075
  0.045
  0.015
  0.000
 -0.015
 -0.025
 -0.030
 -0.035
 -0.040
 -0.045
 -0.050
 -0.050
 -0.045
 -0.045
 -0.045
 -0.045
 -0.050
 -0.050
 -0.045
 -0.045
 -0.045
 -0.045
 -0.045
 -0.045
 -0.050
 -0.055
 -0.055
 -0.055
 -0.055
 -0.055
 -0.055
 -0.055
 -0.055
 -0.065
 -0.075
 -0.075
 -0.075
 -0.075
 -0.075
 -0.075
 -0.070
 -0.050
 -0.040
 -0.035
 -0.020
  0.000
  0.015
  0.025
  0.025
  0.015
  0.000
 -0.040
 -0.055
 -0.055
 -0.060
 -0.080
 -0.080
 -0.075
 -0.075
 -0.080
 -0.090
 -0.100
 -0.110
 -0.120
 -0.125
 -0.125
 -0.125
 -0.130
 -0.130
 -0.125
 -0.130
 -0.135
 -0.140
 -0.140
 -0.135
 -0.130
 -0.125
 -0.125
 -0.130
 -0.135
 -0.135
 -0.125
 -0.095
 -0.055
 -0.010
  0.005
 -0.010
 -0.065
 -0.155
 -0.300
 -0.505
 -0.825
 -1.240
 -1.600
 -1.920
 -2.085
 -2.160
 -2.150
 -2.105
 -1.675
 -1.100
 -0.680
 -0.310
 -0.145
 -0.030
  0.020
  0.070
  0.090
  0.110
  0.125
  0.145
  0.150
  0.155
  0.165
  0.175
  0.175
  0.175
  0.175
  0.175
  0.180
  0.185
  0.195
  0.205
  0.210
  0.215
  0.220
  0.225
  0.230
  0.235
  0.245
  0.255
  0.260
  0.270
  0.285
  0.300
  0.310
  0.325
  0.345
  0.365
  0.385
  0.400
  0.410
  0.430
  0.450
  0.470
  0.490
  0.505
  0.520
  0.520
  0.515
  0.515
  0.520
  0.510
  0.500
  0.475
  0.450
  0.415
  0.375
  0.330
  0.285
  0.245
  0.205
  0.165
  0.125
  0.095
  0.065
  0.040
  0.020
  0.010
  0.000
 -0.005
 -0.015
 -0.020
 -0.025
 -0.030
 -0.030
 -0.025
 -0.025
 -0.030
 -0.035
 -0.035
 -0.035
 -0.035
 -0.035
 -0.035
 -0.030
 -0.025
 -0.025
 -0.030
 -0.035
 -0.035
 -0.035
 -0.035
 -0.035
 -0.045
 -0.045
 -0.045
 -0.045
 -0.045
 -0.045
 -0.045
 -0.045
 -0.040
 -0.030
 -0.020
 -0.010
  0.000
  0.010
  0.030
  0.055
  0.070
  0.065
  0.050
  0.020
  0.000
 -0.015
 -0.025
 -0.030
 -0.035
 -0.040
 -0.045
 -0.045
 -0.050
 -0.060
 -0.070
 -0.080
 -0.085
 -0.085
 -0.090
 -0.100
 -0.105
 -0.105
 -0.105
 -0.105
 -0.105
 -0.115
 -0.115
 -0.115
 -0.115
 -0.110
 -0.105
 -0.105
 -0.105
 -0.100
 -0.095
 -0.080
 -0.025
  0.015
  0.025
  0.025
  0.005
 -0.045
 -0.165
 -0.355
 -0.640
 -1.010
 -1.475
 -1.815
 -2.035
 -2.160
 -2.205
 -2.080
 -1.850
 -1.405
 -0.850
 -0.475
 -0.175
 -0.035
  0.045
  0.085
  0.120
  0.145
  0.170
  0.185
  0.200
  0.205
  0.205
  0.215
  0.225
  0.230
  0.235
  0.240
  0.240
  0.235
  0.235
  0.240
  0.245
  0.250
  0.255
  0.255
  0.255
  0.260
  0.270
  0.285
  0.295
  0.300
  0.305
  0.315
  0.325
  0.330
  0.345
  0.365
  0.390
  0.415
  0.430
  0.450
  0.465
  0.480
  0.495
  0.510
  0.525
  0.540
  0.545
  0.545
  0.535
  0.525
  0.515
  0.505
  0.485
  0.460
  0.410
  0.360
  0.325
  0.290
  0.245
  0.210
  0.175
  0.145
  0.110
  0.075
  0.055
  0.040
  0.030
  0.020
  0.015
  0.010
  0.005
  0.005
  0.005
  0.000
  0.000
  0.000
  0.000
  0.005
  0.005
  0.005
  0.005
  0.005
  0.010
  0.010
  0.005
  0.000
  0.000
 -0.005
 -0.010
 -0.010
 -0.005
 -0.005
 -0.010
 -0.015
 -0.025
 -0.035
 -0.040
 -0.030
 -0.025
 -0.030
 -0.035
 -0.040
 -0.040
 -0.035
 -0.025
  0.000
  0.015
  0.020
  0.025
  0.035
  0.050
  0.080
  0.090
  0.085
  0.060
  0.015
 -0.005
 -0.010
 -0.020
 -0.030
 -0.035
 -0.035
 -0.035
 -0.040
 -0.055
 -0.070
 -0.075
 -0.080
 -0.085
 -0.085
 -0.090
 -0.100
 -0.105
 -0.105
 -0.100
 -0.095
 -0.095
 -0.095
 -0.095
 -0.095
 -0.100
 -0.100
 -0.095
 -0.095
 -0.095
 -0.090
 -0.075
 -0.045
  0.010
  0.045
  0.025
  0.000
 -0.050
 -0.155
 -0.335
 -0.615
 -1.015
 -1.410
 -1.805
 -2.040
 -2.150
 -2.195
 -2.195
 -1.870
 -1.370
 -0.915
 -0.485
 -0.245
 -0.070
  0.005
  0.065
  0.095
  0.120
  0.130
  0.140
  0.155
  0.170
  0.180
  0.195
  0.195
  0.195
  0.200
  0.205
  0.205
  0.205
  0.215
  0.225
  0.230
  0.230
  0.225
  0.225
  0.225
  0.230
  0.245
  0.255
  0.260
  0.265
  0.270
  0.275
  0.280
  0.295
  0.315
  0.330
  0.340
  0.355
  0.375
  0.395
  0.415
  0.435
  0.460
  0.475
  0.490
  0.500
  0.510
  0.515
  0.520
  0.525
  0.525
  0.515
  0.505
  0.475
  0.450
  0.420
  0.390
  0.340
  0.295
  0.250
  0.205
  0.165
  0.125
  0.095
  0.065
  0.045
  0.030
  0.020
  0.005
 -0.010
 -0.025
 -0.025
 -0.025
 -0.025
 -0.025
 -0.030
 -0.035
 -0.040
 -0.040
 -0.035
 -0.030
 -0.025
 -0.025
 -0.030
 -0.030
 -0.025
 -0.030
 -0.040
 -0.040
 -0.035
 -0.035
 -0.040
 -0.045
 -0.045
 -0.050
 -0.055
 -0.055
 -0.055
 -0.055
 -0.055
 -0.055
 -0.050
 -0.040
 -0.030
 -0.025
 -0.020
 -0.015
 -0.005
  0.015
  0.035
  0.040
  0.040
  0.030
  0.005
 -0.025
 -0.045
 -0.050
 -0.060
 -0.070
 -0.070
 -0.065
 -0.070
 -0.080
 -0.095
 -0.110
 -0.115
 -0.120
 -0.125
 -0.125
 -0.130
 -0.140
 -0.140
 -0.135
 -0.135
 -0.135
 -0.130
 -0.125
 -0.130
 -0.135
 -0.135
 -0.130
 -0.125
 -0.120
 -0.105
 -0.080
 -0.020
  0.015
  0.000
 -0.030
 -0.090
 -0.190
 -0.365
 -0.630
 -1.035
 -1.435
 -1.820
 -2.070
 -2.165
 -2.205
 -2.190
 -1.885
 -1.365
 -0.915
 -0.505
 -0.260
 -0.100
 -0.025
  0.015
  0.040
  0.060
  0.080
  0.100
  0.110
  0.120
  0.125
  0.130
  0.135
  0.145
  0.145
  0.145
  0.155
  0.165
  0.165
  0.165
  0.165
  0.165
  0.165
  0.165
  0.175
  0.185
  0.185
  0.185
  0.195
  0.205
  0.215
  0.225
  0.235
  0.250
  0.265
  0.280
  0.290
  0.300
  0.315
  0.335
  0.355
  0.375
  0.395
  0.410
  0.420
  0.425
  0.430
  0.435
  0.435
  0.435
  0.435
  0.420
  0.405
  0.375
  0.345
  0.305
  0.270
  0.230
  0.190
  0.145
  0.100
  0.070
  0.040
  0.015
 -0.005
 -0.025
 -0.045
 -0.055
 -0.065
 -0.070
 -0.075
 -0.080
 -0.085
 -0.085
 -0.085
 -0.085
 -0.085
 -0.090
 -0.085
 -0.075
 -0.075
 -0.080
 -0.085
 -0.085
 -0.085
 -0.085
 -0.085
 -0.090
 -0.090
 -0.085
 -0.085
 -0.090
 -0.095
 -0.100
 -0.105
 -0.110
 -0.115
 -0.115
 -0.115
 -0.115
 -0.115
 -0.115
 -0.120
 -0.120
 -0.105
 -0.095
 -0.095
 -0.090
 -0.075
 -0.055
 -0.030
 -0.015
 -0.015
 -0.020
 -0.040
 -0.065
 -0.095
 -0.115
 -0.120
 -0.125
 -0.125
 -0.125
 -0.125
 -0.135
 -0.155
 -0.165
 -0.170
 -0.175
 -0.180
 -0.185
 -0.190
 -0.195
 -0.195
 -0.190
 -0.185
 -0.185
 -0.190
 -0.195
 -0.195
 -0.195
 -0.195
 -0.195
 -0.190
 -0.185
 -0.180
 -0.165
 -0.140
 -0.085
 -0.045
 -0.060
 -0.090
 -0.160
 -0.255
 -0.420
 -0.670
 -1.070
 -1.455
 -1.810
 -2.045
 -2.140
 -2.185
 -2.185
 -1.910
 -1.430
 -0.995
 -0.590
 -0.345
 -0.180
 -0.100
 -0.055
 -0.020
  0.005
  0.025
  0.040
  0.050
  0.060
  0.065
  0.070
  0.080
  0.090
  0.100
  0.105
  0.105
  0.105
  0.105
  0.105
  0.110
  0.115
  0.120
  0.125
  0.135
  0.145
  0.150
  0.155
  0.175
  0.185
  0.185
  0.190
  0.210
  0.225
  0.235
  0.250
  0.265
  0.285
  0.305
  0.330
  0.355
  0.370
  0.390
  0.400
  0.410
  0.420
  0.430
  0.435
  0.440
  0.435
  0.425
  0.405
  0.385
  0.355
  0.325
  0.285
  0.240
  0.200
  0.160
  0.125
  0.090
  0.045
  0.010
 -0.005
 -0.030
 -0.055
 -0.080
 -0.100
 -0.115
 -0.115
 -0.115
 -0.115
 -0.115
 -0.120
 -0.125
 -0.125
 -0.125
 -0.125
 -0.120
 -0.115
 -0.115
 -0.120
 -0.125
 -0.130
 -0.135
 -0.135
 -0.130
 -0.125
 -0.125
 -0.125
 -0.125
 -0.130
 -0.135
 -0.135
 -0.135
 -0.140
 -0.145
 -0.155
 -0.155
 -0.150
 -0.145
 -0.140
 -0.125
 -0.110
 -0.100
 -0.095
 -0.095
 -0.085
 -0.055
 -0.030
 -0.020
 -0.020
 -0.045
 -0.070
 -0.100
 -0.115
 -0.125
 -0.135
 -0.135
 -0.135
 -0.135
 -0.140
 -0.155
 -0.170
 -0.180
 -0.185
 -0.185
 -0.185
 -0.190
 -0.195
 -0.195
 -0.195
 -0.200
 -0.205
 -0.205
 -0.200
 -0.195
 -0.195
 -0.200
 -0.205
 -0.200
 -0.190
 -0.180
 -0.175
 -0.165
 -0.125
 -0.090
 -0.075
 -0.065
 -0.080
 -0.125
 -0.250
 -0.425
 -0.720
 -1.080
 -1.540
 -1.900
 -2.115
 -2.255
 -2.305
 -2.185
 -1.895
 -1.475
 -0.945
 -0.565
 -0.285
 -0.130
 -0.050
 -0.010
  0.000
  0.025
  0.055
  0.070
  0.080
  0.090
  0.100
  0.105
  0.105
  0.105
  0.110
  0.115
  0.125
  0.125
  0.125
  0.125
  0.125
  0.130
  0.135
  0.145
  0.155
  0.160
  0.165
  0.165
  0.170
  0.190
  0.210
  0.225
  0.235
  0.240
  0.250
  0.270
  0.290
  0.315
  0.335
  0.360
  0.375
  0.380
  0.390
  0.400
  0.415
  0.435
  0.440
  0.435
  0.420
  0.405
  0.385
  0.365
  0.335
  0.305
  0.270
  0.235
  0.190
  0.145
  0.100
  0.060
  0.030
  0.000
 -0.020
 -0.045
 -0.060
 -0.075
 -0.085
 -0.095
 -0.095
 -0.095
 -0.095
 -0.095
 -0.100
 -0.105
 -0.110
 -0.110
 -0.105
 -0.100
 -0.095
 -0.095
 -0.100
 -0.100
 -0.095
 -0.095
 -0.095
 -0.095
 -0.095
 -0.095
 -0.100
 -0.105
 -0.105
 -0.105
 -0.110
 -0.115
 -0.115
 -0.115
 -0.120
 -0.125
 -0.130
 -0.120
 -0.110
 -0.095
 -0.085
 -0.085
 -0.080
 -0.060
 -0.040
 -0.015
  0.000
  0.000
 -0.015
 -0.055
 -0.085
 -0.090
 -0.100
 -0.115
 -0.125
 -0.125
 -0.125
 -0.130
 -0.140
 -0.150
 -0.160
 -0.170
 -0.175
 -0.175
 -0.175
 -0.180
 -0.185
 -0.185
 -0.185
 -0.185
 -0.185
 -0.185
 -0.180
 -0.175
 -0.175
 -0.175
 -0.175
 -0.175
 -0.170
 -0.160
 -0.150
 -0.140
 -0.070
 -0.015
 -0.035
 -0.060
 -0.100
 -0.165
 -0.315
 -0.515
 -0.855
 -1.215
 -1.630
 -1.955
 -2.100
 -2.205
 -2.240
 -2.070
 -1.635
 -1.190
 -0.735
 -0.415
 -0.210
 -0.085
 -0.025
  0.005
  0.025
  0.045
  0.065
  0.085
  0.100
  0.105
  0.105
  0.110
  0.120
  0.125
  0.130
  0.140
  0.150
  0.150
  0.145
  0.150
  0.155
  0.155
  0.155
  0.160
  0.165
  0.175
  0.185
  0.185
  0.185
  0.195
  0.205
  0.220
  0.240
  0.255
  0.265
  0.275
  0.290
  0.310
  0.330
  0.355
  0.375
  0.395
  0.410
  0.420
  0.430
  0.445
  0.455
  0.460
  0.465
  0.465
  0.445
  0.425
  0.405
  0.385
  0.350
  0.305
  0.265
  0.225
  0.180
  0.135
  0.095
  0.060
  0.030
  0.000
 -0.015
 -0.035
 -0.045
 -0.055
 -0.060
 -0.065
 -0.065
 -0.065
 -0.070
 -0.075
 -0.080
 -0.080
 -0.070
 -0.065
 -0.065
 -0.065
 -0.065
 -0.065
 -0.070
 -0.075
 -0.075
 -0.070
 -0.065
 -0.065
 -0.070
 -0.075
 -0.075
 -0.075
 -0.080
 -0.085
 -0.085
 -0.090
 -0.100
 -0.100
 -0.095
 -0.085
 -0.075
 -0.065
 -0.050
 -0.045
 -0.040
 -0.015
  0.005
  0.015
  0.020
  0.005
 -0.010
 -0.040
 -0.065
 -0.070
 -0.075
 -0.085
 -0.090
 -0.085
 -0.085
 -0.095
 -0.110
 -0.125
 -0.135
 -0.135
 -0.135
 -0.135
 -0.135
 -0.140
 -0.145
 -0.150
 -0.155
 -0.160
 -0.155
 -0.145
 -0.145
 -0.150
 -0.150
 -0.145
 -0.145
 -0.145
 -0.140
 -0.135
 -0.095
 -0.055
 -0.030
 -0.015
 -0.035
 -0.060
 -0.140
 -0.240
 -0.445
 -0.690
 -1.115
 -1.515
 -1.835
 -2.080
 -2.140
 -2.120
 -1.940
 -1.625
 -1.095
 -0.665
 -0.365
 -0.155
 -0.060
  0.000
  0.030
  0.055
  0.085
  0.100
  0.110
  0.115
  0.120
  0.125
  0.130
  0.135
  0.140
  0.150
  0.160
  0.165
  0.165
  0.160
  0.155
  0.160
  0.170
  0.180
  0.185
  0.195
  0.205
  0.210
  0.215
  0.225
  0.235
  0.245
  0.255
  0.260
  0.270
  0.290
  0.305
  0.315
  0.330
  0.350
  0.370
  0.390
  0.410
  0.425
  0.440
  0.450
  0.455
  0.460
  0.465
  0.465
  0.450
  0.430
  0.410
  0.390
  0.355
  0.320
  0.280
  0.240
  0.200
  0.160
  0.120
  0.085
  0.055
  0.025
  0.010
 -0.005
 -0.020
 -0.035
 -0.045
 -0.050
 -0.045
 -0.045
 -0.045
 -0.045
 -0.050
 -0.055
 -0.055
 -0.050
 -0.045
 -0.045
 -0.050
 -0.055
 -0.060
 -0.060
 -0.055
 -0.055
 -0.055
 -0.055
 -0.055
 -0.055
 -0.060
 -0.065
 -0.070
 -0.075
 -0.075
 -0.075
 -0.075
 -0.075
 -0.075
 -0.065
 -0.055
 -0.045
 -0.035
 -0.015
  0.000
  0.010
  0.025
  0.015
  0.010
 -0.015
 -0.045
 -0.050
 -0.055
 -0.065
 -0.075
 -0.075
 -0.075
 -0.075
 -0.075
 -0.090
 -0.110
 -0.125
 -0.135
 -0.135
 -0.135
 -0.135
 -0.135
 -0.135
 -0.140
 -0.150
 -0.150
 -0.145
 -0.145
 -0.145
 -0.140
 -0.135
 -0.135
 -0.140
 -0.145
 -0.145
 -0.100
 -0.050
 -0.025
 -0.005
 -0.020
 -0.040
 -0.125
 -0.210
 -0.435
 -0.665
 -1.070
 -1.465
 -1.780
 -2.060
 -2.125
 -2.170
 -2.100
 -1.935
 -1.430
 -0.965
 -0.600
 -0.305
 -0.150
 -0.040
  0.000
  0.035
  0.065
  0.085
  0.095
  0.110
  0.120
  0.125
  0.125
  0.130
  0.145
  0.155
  0.155
  0.155
  0.160
  0.165
  0.165
  0.170
  0.180
  0.185
  0.185
  0.185
  0.190
  0.195
  0.200
  0.215
  0.235
  0.245
  0.255
  0.260
  0.265
  0.275
  0.285
  0.305
  0.325
  0.340
  0.355
  0.365
  0.375
  0.390
  0.410
  0.435
  0.455
  0.455
  0.455
  0.460
  0.465
  0.465
  0.460
  0.455
  0.440
  0.410
  0.380
  0.345
  0.305
  0.265
  0.225
  0.190
  0.145
  0.100
  0.070
  0.045
  0.025
  0.005
 -0.005
 -0.020
 -0.025
 -0.035
 -0.050
 -0.060
 -0.055
 -0.055
 -0.055
 -0.050
 -0.045
 -0.045
 -0.050
 -0.055
 -0.055
 -0.055
 -0.055
 -0.050
 -0.045
 -0.045
 -0.055
 -0.065
 -0.065
 -0.065
 -0.065
 -0.065
 -0.065
 -0.070
 -0.080
 -0.080
 -0.075
 -0.070
 -0.065
 -0.065
 -0.065
 -0.050
 -0.035
 -0.020
 -0.005
  0.015
  0.040
  0.045
  0.045
  0.015
 -0.010
 -0.040
 -0.065
 -0.065
 -0.065
 -0.075
 -0.085
 -0.085
 -0.085
 -0.095
 -0.105
 -0.110
 -0.115
 -0.125
 -0.135
 -0.140
 -0.145
 -0.145
 -0.140
 -0.135
 -0.135
 -0.140
 -0.145
 -0.145
 -0.145
 -0.150
 -0.150
 -0.145
 -0.140
 -0.135
 -0.135
 -0.135
 -0.085
 -0.015
 -0.005
 -0.010
 -0.055
 -0.105
 -0.260
 -0.430
 -0.800
 -1.190
 -1.600
 -2.005
 -2.105
 -2.200
 -2.185
 -2.115
 -1.575
 -1.055
 -0.635
 -0.275
 -0.135
 -0.025
  0.005
  0.040
  0.070
  0.100
  0.115
  0.125
  0.125
  0.125
  0.135
  0.145
  0.150
  0.155
  0.160
  0.155
  0.145
  0.150
  0.160
  0.170
  0.180
  0.185
  0.185
  0.185
  0.185
  0.190
  0.200
  0.215
  0.230
  0.235
  0.240
  0.250
  0.265
  0.275
  0.285
  0.305
  0.325
  0.340
  0.355
  0.375
  0.395
  0.410
  0.425
  0.440
  0.455
  0.460
  0.460
  0.450
  0.445
  0.445
  0.430
  0.405
  0.380
  0.355
  0.315
  0.265
  0.220
  0.180
  0.140
  0.105
  0.070
  0.040
  0.015
 -0.005
 -0.025
 -0.040
 -0.050
 -0.060
 -0.065
 -0.070
 -0.075
 -0.080
 -0.085
 -0.085
 -0.085
 -0.080
 -0.075
 -0.075
 -0.080
 -0.085
 -0.085
 -0.085
 -0.085
 -0.085
 -0.085
 -0.085
 -0.090
 -0.095
 -0.095
 -0.095
 -0.095
 -0.090
 -0.085
 -0.085
 -0.090
 -0.100
 -0.110
 -0.110
 -0.105
 -0.095
 -0.085
 -0.075
 -0.065
 -0.065
 -0.065
 -0.040
 -0.010
  0.000
  0.010
 -0.005
 -0.030
 -0.060
 -0.090
 -0.095
 -0.100
 -0.105
 -0.105
 -0.110
 -0.115
 -0.125
 -0.135
 -0.145
 -0.155
 -0.155
 -0.155
 -0.165
 -0.175
 -0.175
 -0.175
 -0.180
 -0.180
 -0.175
 -0.175
 -0.175
 -0.175
 -0.175
 -0.175
 -0.175
 -0.170
 -0.165
 -0.165
 -0.165
 -0.145
 -0.115
 -0.080
 -0.045
 -0.045
 -0.060
 -0.125
 -0.205
 -0.405
 -0.630
 -1.035
 -1.470
 -1.775
 -2.070
 -2.140
 -2.205
 -2.105
 -1.990
 -1.455
 -0.940
 -0.585
 -0.265
 -0.155
 -0.055
 -0.020
  0.005
  0.030
  0.050
  0.070
  0.085
  0.085
  0.085
  0.095
  0.105
  0.110
  0.115
  0.120
  0.125
  0.125
  0.125
  0.130
  0.135
  0.140
  0.150
  0.160
  0.165
  0.165
  0.165
  0.165
  0.180
  0.200
  0.210
  0.220
  0.230
  0.240
  0.255
  0.270
  0.295
  0.315
  0.335
  0.355
  0.370
  0.385
  0.400
  0.415
  0.430
  0.445
  0.445
  0.440
  0.435
  0.430
  0.410
  0.390
  0.360
  0.330
  0.290
  0.250
  0.205
  0.165
  0.130
  0.095
  0.055
  0.025
  0.000
 -0.015
 -0.035
 -0.050
 -0.060
 -0.065
 -0.065
 -0.065
 -0.070
 -0.075
 -0.075
 -0.075
 -0.080
 -0.080
 -0.075
 -0.075
 -0.075
 -0.080
 -0.080
 -0.075
 -0.070
 -0.065
 -0.065
 -0.070
 -0.075
 -0.080
 -0.085
 -0.085
 -0.085
 -0.085
 -0.085
 -0.090
 -0.095
 -0.095
 -0.090
 -0.085
 -0.075
 -0.060
 -0.050
 -0.045
 -0.035
 -0.020
  0.000
  0.015
  0.015
  0.005
 -0.015
 -0.045
 -0.060
 -0.070
 -0.080
 -0.090
 -0.090
 -0.085
 -0.085
 -0.085
 -0.100
 -0.125
 -0.135
 -0.140
 -0.135
 -0.135
 -0.140
 -0.145
 -0.145
 -0.145
 -0.145
 -0.145
 -0.145
 -0.145
 -0.145
 -0.145
 -0.145
 -0.145
 -0.150
 -0.155
 -0.155
 -0.145
 -0.130
 -0.095
 -0.035
 -0.020
 -0.035
 -0.060
 -0.085
 -0.180
 -0.315
 -0.565
 -0.865
 -1.255
 -1.670
 -1.880
 -2.040
 -2.090
 -2.120
 -1.735
 -1.300
 -0.895
 -0.490
 -0.290
 -0.100
 -0.040
  0.015
  0.040
  0.065
  0.075
  0.085
  0.100
  0.115
  0.120
  0.125
  0.130
  0.135
  0.135
  0.135
  0.145
  0.155
  0.160
  0.165
  0.170
  0.170
  0.165
  0.170
  0.180
  0.190
  0.200
  0.205
  0.210
  0.220
  0.230
  0.245
  0.260
  0.275
  0.290
  0.300
  0.310
  0.325
  0.340
  0.360
  0.380
  0.395
  0.415
  0.425
  0.435
  0.440
  0.445
  0.450
  0.450
  0.445
  0.435
  0.410
  0.385
  0.360
  0.330
  0.295
  0.260
  0.215
  0.180
  0.145
  0.110
  0.080
  0.050
  0.025
  0.005
 -0.005
 -0.020
 -0.035
 -0.045
 -0.050
 -0.050
 -0.045
 -0.045
 -0.050
 -0.055
 -0.055
 -0.055
 -0.055
 -0.050
 -0.045
 -0.045
 -0.050
 -0.055
 -0.055
 -0.060
 -0.060
 -0.055
 -0.055
 -0.060
 -0.065
 -0.070
 -0.070
 -0.065
 -0.065
 -0.070
 -0.075
 -0.075
 -0.070
 -0.065
 -0.060
 -0.050
 -0.035
 -0.020
 -0.005
  0.005
  0.015
  0.020
  0.015
  0.005
 -0.010
 -0.040
 -0.055
 -0.060
 -0.070
 -0.080
 -0.085
 -0.085
 -0.085
 -0.090
 -0.100
 -0.110
 -0.115
 -0.120
 -0.125
 -0.130
 -0.135
 -0.135
 -0.135
 -0.135
 -0.140
 -0.145
 -0.145
 -0.140
 -0.135
 -0.135
 -0.135
 -0.135
 -0.135
 -0.135
 -0.140
 -0.125
 -0.080
 -0.045
 -0.025
 -0.020
 -0.035
 -0.090
 -0.190
 -0.345
 -0.555
 -0.890
 -1.305
 -1.645
 -1.950
 -2.080
 -2.130
 -2.095
 -2.035
 -1.605
 -1.075
 -0.690
 -0.335
 -0.180
 -0.055
  0.000
  0.040
  0.065
  0.095
  0.105
  0.115
  0.120
  0.125
  0.135
  0.145
  0.150
  0.155
  0.155
  0.155
  0.160
  0.165
  0.165
  0.165
  0.175
  0.185
  0.185
  0.185
  0.195
  0.205
  0.210
  0.220
  0.235
  0.245
  0.245
  0.250
  0.260
  0.275
  0.295
  0.315
  0.330
  0.345
  0.360
  0.375
  0.390
  0.400
  0.410
  0.430
  0.450
  0.460
  0.475
  0.475
  0.470
  0.465
  0.460
  0.445
  0.430
  0.405
  0.375
  0.330
  0.285
  0.250
  0.210
  0.170
  0.130
  0.100
  0.075
  0.045
  0.020
  0.000
 -0.015
 -0.020
 -0.025
 -0.030
 -0.040
 -0.050
 -0.050
 -0.045
 -0.040
 -0.035
 -0.035
 -0.040
 -0.045
 -0.045
 -0.045
 -0.045
 -0.040
 -0.035
 -0.035
 -0.035
 -0.035
 -0.040
 -0.045
 -0.045
 -0.045
 -0.045
 -0.050
 -0.055
 -0.055
 -0.055
 -0.060
 -0.060
 -0.055
 -0.050
 -0.045
 -0.040
 -0.030
 -0.020
 -0.010
  0.005
  0.030
  0.045
  0.050
  0.040
  0.015
 -0.005
 -0.030
 -0.045
 -0.045
 -0.050
 -0.060
 -0.060
 -0.055
 -0.060
 -0.070
 -0.085
 -0.100
 -0.105
 -0.110
 -0.115
 -0.120
 -0.115
 -0.105
 -0.110
 -0.125
 -0.125
 -0.125
 -0.125
 -0.120
 -0.115
 -0.115
 -0.115
 -0.115
 -0.120
 -0.120
 -0.110
 -0.080
 -0.010
  0.030
  0.025
  0.005
 -0.035
 -0.125
 -0.260
 -0.485
 -0.795
 -1.170
 -1.600
 -1.875
 -2.040
 -2.125
 -2.160
 -1.990
 -1.720
 -1.290
 -0.800
 -0.465
 -0.175
 -0.055
  0.020
  0.060
  0.090
  0.115
  0.140
  0.145