 -0.062
 -0.062
 -0.062
 -0.065
 -0.065
 -0.062
 -0.058
 -0.058
 -0.058
 -0.058
 -0.065
 -0.069
 -0.065
 -0.062
 -0.055
 -0.047
 -0.044
 -0.047
 -0.055
 -0.062
 -0.069
 -0.076
 -0.080
 -0.080
 -0.076
 -0.069
 -0.065
 -0.058
 -0.055
 -0.062
 -0.069
 -0.073
 -0.076
 -0.076
 -0.076
 -0.080
 -0.076
 -0.069
 -0.062
 -0.058
 -0.065
 -0.084
 -0.098
 -0.105
 -0.095
 -0.080
 -0.076
 -0.084
 -0.080
 -0.080
 -0.076
 -0.084
 -0.091
 -0.098
 -0.091
 -0.084
 -0.073
 -0.065
 -0.065
 -0.065
 -0.065
 -0.069
 -0.076
 -0.087
 -0.087
 -0.087
 -0.076
 -0.073
 -0.069
 -0.069
 -0.073
 -0.084
 -0.091
 -0.102
 -0.098
 -0.087
 -0.080
 -0.080
 -0.076
 -0.076
 -0.076
 -0.080
 -0.087
 -0.091
 -0.091
 -0.087
 -0.073
 -0.069
 -0.069
 -0.080
 -0.087
 -0.087
 -0.087
 -0.084
 -0.076
 -0.076
 -0.080
 -0.084
 -0.080
 -0.076
 -0.076
 -0.080
 -0.080
 -0.076
 -0.065
 -0.058
 -0.065
 -0.076
 -0.076
 -0.073
 -0.069
 -0.069
 -0.069
 -0.065
 -0.062
 -0.065
 -0.069
 -0.065
 -0.065
 -0.076
 -0.080
 -0.069
 -0.058
 -0.047
 -0.051
 -0.062
 -0.073
 -0.080
 -0.084
 -0.080
 -0.073
 -0.069
 -0.065
 -0.058
 -0.051
 -0.055
 -0.073
 -0.091
 -0.095
 -0.087
 -0.076
 -0.073
 -0.069
 -0.069
 -0.069
 -0.080
 -0.080
 -0.084
 -0.087
 -0.091
 -0.091
 -0.087
 -0.076
 -0.069
 -0.069
 -0.076
 -0.080
 -0.087
 -0.087
 -0.080
 -0.076
 -0.076
 -0.080
 -0.080
 -0.076
 -0.069
 -0.065
 -0.069
 -0.073
 -0.076
 -0.069
 -0.065
 -0.062
 -0.065
 -0.065
 -0.065
 -0.065
 -0.062
 -0.055
 -0.055
 -0.058
 -0.065
 -0.065
 -0.069
 -0.069
 -0.087
 -0.080
 -0.073
 -0.062
 -0.055
 -0.058
 -0.069
 -0.069
 -0.076
 -0.080
 -0.080
 -0.076
 -0.076
 -0.069
 -0.062
 -0.055
 -0.047
 -0.029
 -0.018
 -0.007
 -0.004
  0.004
  0.011
  0.015
  0.011
  0.011
  0.004
  0.000
 -0.004
  0.000
 -0.007
 -0.029
 -0.058
 -0.076
 -0.091
 -0.098
 -0.102
 -0.102
 -0.102
 -0.102
 -0.109
 -0.131
 -0.145
 -0.153
 -0.153
 -0.142
 -0.131
 -0.124
 -0.124
 -0.120
 -0.113
 -0.098
 -0.087
 -0.091
 -0.102
 -0.109
 -0.116
 -0.109
 -0.098
 -0.091
 -0.091
 -0.095
 -0.098
 -0.102
 -0.098
 -0.087
 -0.069
 -0.047
 -0.029
 -0.004
  0.022
  0.047
  0.073
  0.076
  0.051
 -0.011
 -0.102
 -0.215
 -0.345
 -0.465
 -0.560
 -0.633
 -0.691
 -0.753
 -0.829
 -0.858
 -0.822
 -0.745
 -0.640
 -0.531
 -0.469
 -0.418
 -0.305
 -0.138
  0.004
  0.131
  0.240
  0.338
  0.455
  0.589
  0.702
  0.767
  0.804
  0.836
  0.865
  0.887
  0.909
  0.913
  0.869
  0.800
  0.727
  0.640
  0.545
  0.422
  0.276
  0.167
  0.120
  0.105
  0.087
  0.065
  0.025
 -0.011
 -0.044
 -0.051
 -0.055
 -0.065
 -0.080
 -0.098
 -0.113
 -0.120
 -0.120
 -0.113
 -0.120
 -0.131
 -0.145
 -0.153
 -0.145
 -0.124
 -0.120
 -0.124
 -0.135
 -0.145
 -0.156
 -0.164
 -0.164
 -0.156
 -0.164
 -0.171
 -0.178
 -0.175
 -0.182
 -0.196
 -0.215
 -0.215
 -0.207
 -0.211
 -0.233
 -0.229
 -0.225
 -0.233
 -0.251
 -0.262
 -0.265
 -0.284
 -0.295
 -0.295
 -0.309
 -0.327
 -0.349
 -0.364
 -0.371
 -0.382
 -0.400
 -0.418
 -0.440
 -0.455
 -0.469
 -0.480
 -0.491
 -0.498
 -0.505
 -0.509
 -0.502
 -0.480
 -0.465
 -0.451
 -0.447
 -0.429
 -0.396
 -0.371
 -0.349
 -0.309
 -0.276
 -0.240
 -0.204
 -0.171
 -0.131
 -0.087
 -0.069
 -0.044
 -0.018
  0.000
  0.015
  0.025
  0.025
  0.025
  0.025
  0.036
  0.036
  0.033
  0.015
  0.011
  0.011
  0.015
  0.015
  0.011
  0.007
  0.004
 -0.007
 -0.015
 -0.011
  0.000
  0.000
  0.000
  0.000
  0.000
  0.000
  0.011
  0.000
 -0.011
 -0.022
 -0.015
 -0.007
  0.000
 -0.004
 -0.004
  0.000
  0.007
  0.015
  0.015
  0.007
  0.000
  0.000
  0.000
 -0.004
 -0.004
 -0.004
 -0.004
  0.000
  0.011
  0.015
  0.015
  0.004
  0.004
  0.011
  0.011
  0.011
  0.011
  0.000
  0.000
  0.000
  0.000
  0.004
  0.007
  0.011
  0.022
  0.022
  0.022
  0.015
  0.015
  0.007
  0.004
  0.004
  0.000
  0.000
  0.011
  0.015
  0.015
  0.015
  0.025
  0.029
  0.022
  0.000
  0.000
  0.000
 -0.007
 -0.015
 -0.007
  0.000
  0.000
  0.004
  0.011
  0.007
  0.011
  0.011
  0.011
  0.000
 -0.007
 -0.011
 -0.015
 -0.025
 -0.018
 -0.007
  0.000
  0.004
  0.007
  0.011
  0.015
  0.004
 -0.004
 -0.015
 -0.018
 -0.011
 -0.011
 -0.011
 -0.004
  0.004
  0.015
  0.004
  0.000
 -0.015
 -0.022
 -0.022
 -0.015
 -0.015
 -0.011
  0.000
  0.004
  0.004
  0.004
  0.000
  0.000
 -0.004
 -0.011
 -0.004
  0.000
 -0.004
 -0.004
  0.000
  0.004
  0.000
  0.000
 -0.007
  0.000
  0.004
  0.004
  0.000
  0.004
  0.007
  0.011
  0.004
 -0.004
 -0.011
 -0.004
  0.000
  0.004
  0.004
  0.007
  0.015
  0.015
  0.007
  0.004
  0.000
  0.000
  0.000
  0.007
  0.007
  0.004
 -0.004
 -0.004
  0.004
  0.015
  0.000
 -0.007
  0.000
  0.011
  0.022
  0.025
  0.004
 -0.004
 -0.011
 -0.004
  0.000
  0.004
  0.000
  0.000
  0.004
  0.011
  0.011
  0.015
  0.011
  0.015
  0.011
  0.004
 -0.004
 -0.004
 -0.007
 -0.015
 -0.015
 -0.004
  0.011
  0.011
  0.000
 -0.011
 -0.015
 -0.015
 -0.015
 -0.015
 -0.007
  0.000
 -0.004
 -0.007
 -0.011
 -0.007
 -0.015
 -0.011
 -0.007
 -0.004
  0.000
  0.007
  0.018
  0.040
  0.055
  0.065
  0.076
  0.091
  0.095
  0.091
  0.076
  0.058
  0.047
  0.047
  0.047
  0.040
  0.022
  0.000
 -0.011
 -0.018
 -0.040
 -0.047
 -0.055
 -0.062
 -0.065
 -0.076
 -0.095
 -0.113
 -0.116
 -0.113
 -0.109
 -0.095
 -0.080
 -0.065
 -0.055
 -0.044
 -0.040
 -0.036
 -0.029
 -0.033
 -0.044
 -0.047
 -0.051
 -0.055
 -0.051
 -0.044
 -0.036
 -0.033
 -0.033
 -0.036
 -0.040
 -0.022
  0.000
  0.022
  0.051
  0.084
  0.109
  0.142
  0.156
  0.142
  0.098
  0.007
 -0.116
 -0.244
 -0.364
 -0.469
 -0.556
 -0.615
 -0.687
 -0.771
 -0.811
 -0.789
 -0.727
 -0.640
 -0.516
 -0.418
 -0.364
 -0.269
 -0.098
  0.084
  0.247
  0.400
  0.516
  0.633
  0.775
  0.909
  0.985
  1.025
  1.051
  1.080
  1.102
  1.116
  1.087
  1.018
  0.938
  0.836
  0.724
  0.600
  0.447
  0.302
  0.218
  0.200
  0.193
  0.164
  0.109
  0.051
  0.015
  0.004
  0.000
 -0.004
 -0.022
 -0.036
 -0.055
 -0.058
 -0.055
 -0.055
 -0.065
 -0.069
 -0.080
 -0.076
 -0.076
 -0.080
 -0.091
 -0.102
 -0.109
 -0.113
 -0.120
 -0.120
 -0.120
 -0.120
 -0.120
 -0.124
 -0.127
 -0.135
 -0.138
 -0.131
 -0.142
 -0.153
 -0.160
 -0.156
 -0.164
 -0.178
 -0.189
 -0.193
 -0.196
 -0.200
 -0.218
 -0.229
 -0.233
 -0.244
 -0.265
 -0.276
 -0.295
 -0.305
 -0.324
 -0.338
 -0.356
 -0.367
 -0.385
 -0.400
 -0.425
 -0.444
 -0.444
 -0.440
 -0.462
 -0.473
 -0.473
 -0.473
 -0.473
 -0.465
 -0.458
 -0.440
 -0.425
 -0.404
 -0.382
 -0.349
 -0.316
 -0.287
 -0.251
 -0.207
 -0.167
 -0.138
 -0.109
 -0.076
 -0.047
 -0.025
  0.000
  0.011
  0.015
  0.022
  0.029
  0.036
  0.036
  0.040
  0.033
  0.025
  0.018
  0.022
  0.022
  0.015
  0.007
  0.011
  0.011
  0.004
  0.000
  0.000
 -0.004
 -0.011
 -0.011
 -0.004
  0.000
  0.000
  0.000
  0.000
  0.000
  0.000
  0.000
  0.000
 -0.004
 -0.004
 -0.011
 -0.011
 -0.011
 -0.004
 -0.011
 -0.011
 -0.007
 -0.004
 -0.004
 -0.004
 -0.004
  0.000
  0.000
  0.000
  0.004
  0.007
  0.000
  0.000
 -0.004
  0.000
  0.007
  0.011
  0.011
  0.015
  0.015
  0.007
  0.004
  0.004
  0.007
  0.007
  0.000
 -0.004
 -0.004
  0.000
  0.004
  0.011
  0.015
  0.011
  0.011
  0.015
  0.018
  0.011
  0.004
  0.000
  0.000
  0.000
  0.000
  0.000
  0.000
  0.004
  0.011
  0.022
  0.022
  0.015
  0.011
  0.004
  0.004
  0.004
  0.000
 -0.004
 -0.011
 -0.018
 -0.015
 -0.004
 -0.004
 -0.004
 -0.004
 -0.011
 -0.015
 -0.011
 -0.011
 -0.007
 -0.011
 -0.011
 -0.015
 -0.015
 -0.015
 -0.022
 -0.022
 -0.015
 -0.015
 -0.015
 -0.022
 -0.015
 -0.011
 -0.007
 -0.004
 -0.004
 -0.007
 -0.011
 -0.015
 -0.018
 -0.015
 -0.004
  0.000
  0.000
 -0.007
 -0.011
 -0.007
  0.000
 -0.004
 -0.011
 -0.018
 -0.015
 -0.004
  0.007
  0.015
  0.011
  0.000
 -0.015
 -0.022
 -0.022
 -0.025
 -0.036
 -0.044
 -0.044
 -0.040
 -0.036
 -0.044
 -0.036
 -0.033
 -0.025
 -0.015
 -0.004
 -0.004
 -0.007
 -0.015
 -0.022
 -0.018
 -0.011
 -0.011
 -0.004
  0.000
 -0.004
 -0.007
 -0.004
 -0.004
 -0.011
 -0.025
 -0.033
 -0.036
 -0.036
 -0.036
 -0.040
 -0.044
 -0.040
 -0.025
 -0.015
 -0.022
 -0.029
 -0.029
 -0.022
 -0.015
 -0.011
 -0.011
 -0.015
 -0.022
 -0.018
 -0.011
  0.000
 -0.007
 -0.011
 -0.015
 -0.018
 -0.015
 -0.004
 -0.007
 -0.011
 -0.015
 -0.015
 -0.015
 -0.011
 -0.022
 -0.025
 -0.025
 -0.022
 -0.018
 -0.011
 -0.011
  0.000
  0.004
  0.011
  0.015
  0.029
  0.033
  0.033
  0.029
  0.022
  0.025
  0.033
  0.029
  0.022
  0.007
 -0.004
 -0.022
 -0.047
 -0.073
 -0.087
 -0.084
 -0.076
 -0.080
 -0.098
 -0.120
 -0.127
 -0.131
 -0.135
 -0.138
 -0.131
 -0.120
 -0.109
 -0.095
 -0.087
 -0.080
 -0.069
 -0.065
 -0.065
 -0.065
 -0.069
 -0.069
 -0.065
 -0.073
 -0.076
 -0.076
 -0.073
 -0.069
 -0.055
 -0.051
 -0.055
 -0.055
 -0.029
  0.000
  0.025
  0.055
  0.080
  0.116
  0.145
  0.153
  0.116
  0.025
 -0.091
 -0.244
 -0.393
 -0.513
 -0.593
 -0.673
 -0.756
 -0.862
 -0.927
 -0.920
 -0.851
 -0.756
 -0.636
 -0.527
 -0.455
 -0.353
 -0.178
  0.000
  0.145
  0.284
  0.404
  0.513
  0.651
  0.782
  0.873
  0.916
  0.953
  0.993
  1.015
  1.022
  1.015
  0.971
  0.905
  0.829
  0.731
  0.622
  0.484
  0.331
  0.222
  0.175
  0.149
  0.116
  0.084
  0.055
  0.022
 -0.004
 -0.022
 -0.033
 -0.047
 -0.069
 -0.080
 -0.087
 -0.087
 -0.087
 -0.084
 -0.091
 -0.105
 -0.116
 -0.124
 -0.127
 -0.131
 -0.131
 -0.135
 -0.138
 -0.145
 -0.153
 -0.153
 -0.153
 -0.156
 -0.164
 -0.167
 -0.167
 -0.175
 -0.175
 -0.182
 -0.185
 -0.196
 -0.207
 -0.215
 -0.222
 -0.225
 -0.233
 -0.244
 -0.262
 -0.265
 -0.276
 -0.295
 -0.305
 -0.313
 -0.327
 -0.331
 -0.349
 -0.371
 -0.385
 -0.400
 -0.425
 -0.447
 -0.458
 -0.469
 -0.491
 -0.505
 -0.516
 -0.524
 -0.527
 -0.538
 -0.545
 -0.545
 -0.549
 -0.545
 -0.527
 -0.516
 -0.498
 -0.465
 -0.429
 -0.400
 -0.371
 -0.331
 -0.295
 -0.251
 -0.222
 -0.196
 -0.164
 -0.124
 -0.091
 -0.076
 -0.069
 -0.055
 -0.040
 -0.025
 -0.015
 -0.011
 -0.022
 -0.025
 -0.022
 -0.015
 -0.015
 -0.015
 -0.025
 -0.033
 -0.033
 -0.029
 -0.025
 -0.025
 -0.036
 -0.036
 -0.033
 -0.033
 -0.044
 -0.044
 -0.051
 -0.058
 -0.062
 -0.065
 -0.062
 -0.051
 -0.051
 -0.055
 -0.058
 -0.062
 -0.055
 -0.047
 -0.044
 -0.044
 -0.036
 -0.036
 -0.040
 -0.040
 -0.044
 -0.047
 -0.051
 -0.055
 -0.055
 -0.055
 -0.047
 -0.047
 -0.047
 -0.047
 -0.040
 -0.033
 -0.036
 -0.036
 -0.044
 -0.044
 -0.040
 -0.033
 -0.033
 -0.033
 -0.044
 -0.051
 -0.051
 -0.047
 -0.047
 -0.044
 -0.036
 -0.033
 -0.033
 -0.029
 -0.029
 -0.044
 -0.058
 -0.073
 -0.076
 -0.069
 -0.062
 -0.058
 -0.055
 -0.058
 -0.058
 -0.047
 -0.044
 -0.040
 -0.036
 -0.040
 -0.044
 -0.044
 -0.055
 -0.065
 -0.069
 -0.069
 -0.065
 -0.055
 -0.051
 -0.040
 -0.047
 -0.051
 -0.047
 -0.044
 -0.055
 -0.073
 -0.080
 -0.076
 -0.069
 -0.058
 -0.065
 -0.062
 -0.058
 -0.058
 -0.065
 -0.065
 -0.065
 -0.069
 -0.069
 -0.069
 -0.065
 -0.065
 -0.062
 -0.058
 -0.058
 -0.058
 -0.047
 -0.044
 -0.055
 -0.065
 -0.069
 -0.073
 -0.076
 -0.076
 -0.073
 -0.065
 -0.058
 -0.058
 -0.058
 -0.055
 -0.065
 -0.076
 -0.084
 -0.087
 -0.084
 -0.073
 -0.065
 -0.069
 -0.065
 -0.069
 -0.069
 -0.069
 -0.076
 -0.084
 -0.087
 -0.087
 -0.076
 -0.069
 -0.069
 -0.073
 -0.069
 -0.062
 -0.055
 -0.055
 -0.065
 -0.076
 -0.080
 -0.080
 -0.076
 -0.065
 -0.065
 -0.065
 -0.065
 -0.069
 -0.076
 -0.076
 -0.076
 -0.076
 -0.080
 -0.076
 -0.073
 -0.065
 -0.065
 -0.069
 -0.080
 -0.091
 -0.095
 -0.084
 -0.080
 -0.080
 -0.084
 -0.087
 -0.084
 -0.076
 -0.069
 -0.065
 -0.065
 -0.065
 -0.058
 -0.055
 -0.051
 -0.047
 -0.029
 -0.025
 -0.018
 -0.018
 -0.029
 -0.036
 -0.033
 -0.025
 -0.025
 -0.025
 -0.025
 -0.040
 -0.055
 -0.076
 -0.098
 -0.109
 -0.109
 -0.116
 -0.135
 -0.160
 -0.175
 -0.175
 -0.167
 -0.164
 -0.164
 -0.167
 -0.167
 -0.156
 -0.142
 -0.135
 -0.135
 -0.131
 -0.124
 -0.113
 -0.105
 -0.105
 -0.113
 -0.120
 -0.116
 -0.109
 -0.109
 -0.109
 -0.109
 -0.109
 -0.102
 -0.095
 -0.084
 -0.073
 -0.062
 -0.036
  0.000
  0.033
  0.058
  0.080
  0.076
  0.025
 -0.051
 -0.153
 -0.280
 -0.411
 -0.513
 -0.604
 -0.680
 -0.749
 -0.829
 -0.876
 -0.851
 -0.778
 -0.684
 -0.571
 -0.484
 -0.429
 -0.342
 -0.207
 -0.080
  0.036
  0.160
  0.255
  0.345
  0.458
  0.575
  0.658
  0.698
  0.720
  0.742
  0.760
  0.775
  0.796
  0.796
  0.764
  0.709
  0.647
  0.564
  0.480
  0.382
  0.247
  0.142
  0.087
  0.062
  0.047
  0.036
  0.015
 -0.022
 -0.065
 -0.087
 -0.091
 -0.095
 -0.102
 -0.113
 -0.120
 -0.127
 -0.142
 -0.164
 -0.175
 -0.167
 -0.153
 -0.135
 -0.135
 -0.160
 -0.185
 -0.185
 -0.167
 -0.171
 -0.182
 -0.193
 -0.193
 -0.189
 -0.189
 -0.196
 -0.211
 -0.222
 -0.229
 -0.236
 -0.236
 -0.229
 -0.229
 -0.244
 -0.251
 -0.255
 -0.273
 -0.287
 -0.291
 -0.309
 -0.331
 -0.349
 -0.364
 -0.360
 -0.364
 -0.393
 -0.418
 -0.436
 -0.444
 -0.451
 -0.465
 -0.495
 -0.524
 -0.535
 -0.527
 -0.531
 -0.538
 -0.556
 -0.556
 -0.567
 -0.571
 -0.560
 -0.535
 -0.520
 -0.509
 -0.480
 -0.444
 -0.404
 -0.375
 -0.360
 -0.331
 -0.305
 -0.262
 -0.207
 -0.167
 -0.153
 -0.131
 -0.098
 -0.076
 -0.069
 -0.058
 -0.047
 -0.044
 -0.040
 -0.044
 -0.055
 -0.058
 -0.055
 -0.055
 -0.044
 -0.036
 -0.065
 -0.084
 -0.076
 -0.065
 -0.073
 -0.080
 -0.080
 -0.095
 -0.113
 -0.105
 -0.087
 -0.084
 -0.087
 -0.080
 -0.076
 -0.095
 -0.113
 -0.105
 -0.087
 -0.076
 -0.084
 -0.098
 -0.098
 -0.102
 -0.109
 -0.098
 -0.105
 -0.120
 -0.120
 -0.113
 -0.098
 -0.080
 -0.076
 -0.076
 -0.076
 -0.095
 -0.102
 -0.091
 -0.073
 -0.076
 -0.087
 -0.095
 -0.098
 -0.091
 -0.087
 -0.095
 -0.098
 -0.095
 -0.091
 -0.095
 -0.087
 -0.073
 -0.080
 -0.091
 -0.087
 -0.076
 -0.080
 -0.102
 -0.113
 -0.109
 -0.113
 -0.109
 -0.102
 -0.113
 -0.127
 -0.113
 -0.080
 -0.073
 -0.098
 -0.120
 -0.124
 -0.120
 -0.113
 -0.102
 -0.091
 -0.087
 -0.102
 -0.113
 -0.113
 -0.102
 -0.095
 -0.095
 -0.087
 -0.091
 -0.120
 -0.145
 -0.142
 -0.109
 -0.087
 -0.091
 -0.109
 -0.113
 -0.102
 -0.113
 -0.131
 -0.135
 -0.113
 -0.080
 -0.069
 -0.087
 -0.113
 -0.135
 -0.135
 -0.113
 -0.091
 -0.098
 -0.109
 -0.109
 -0.116
 -0.116
 -0.095
 -0.080
 -0.080
 -0.102
 -0.116
 -0.102
 -0.084
 -0.076
 -0.076
 -0.102
 -0.120
 -0.109
 -0.098
 -0.120
 -0.153
 -0.156
 -0.124
 -0.091
 -0.069
 -0.069
 -0.065
 -0.076
 -0.098
 -0.109
 -0.102
 -0.102
 -0.113
 -0.116
 -0.091
 -0.069
 -0.076
 -0.102
 -0.113
 -0.102
 -0.087
 -0.087
 -0.102
 -0.120
 -0.127
 -0.131
 -0.120
 -0.098
 -0.087
 -0.098
 -0.098
 -0.098
 -0.098
 -0.113
 -0.127
 -0.127
 -0.102
 -0.073
 -0.065
 -0.076
 -0.102
 -0.124
 -0.135
 -0.124
 -0.095
 -0.076
 -0.069
 -0.080
 -0.084
 -0.091
 -0.109
 -0.131
 -0.131
 -0.102
 -0.084
 -0.076
 -0.080
 -0.095
 -0.105
 -0.120
 -0.120
 -0.120
 -0.105
 -0.087
 -0.069
 -0.069
 -0.069
 -0.084
 -0.095
 -0.076
 -0.033
 -0.022
 -0.040
 -0.047
 -0.033
 -0.025
 -0.040
 -0.044
 -0.055
 -0.073
 -0.076
 -0.084
 -0.102
 -0.131
 -0.153
 -0.153
 -0.142
 -0.138
 -0.156
 -0.185
 -0.200
 -0.189
 -0.193
 -0.207
 -0.207
 -0.185
 -0.171
 -0.167
 -0.160
 -0.153
 -0.142
 -0.127
 -0.116
 -0.120
 -0.124
 -0.131
 -0.124
 -0.131
 -0.135
 -0.142
 -0.149
 -0.153
 -0.145
 -0.138
 -0.116
 -0.102
 -0.080
 -0.058
 -0.036
 -0.018
  0.000
  0.015
  0.051
  0.076
  0.058
 -0.011
 -0.124
 -0.258
 -0.393
 -0.505
 -0.589
 -0.658
 -0.720
 -0.793
 -0.855
 -0.880
 -0.844
 -0.767
 -0.665
 -0.560
 -0.484
 -0.407
 -0.269
 -0.095
  0.040
  0.167
  0.302
  0.436
  0.560
  0.684
  0.789
  0.851
  0.895
  0.931
  0.960
  0.975
  0.975
  0.938
  0.880
  0.800
  0.705
  0.593
  0.462
  0.309
  0.193
  0.135
  0.098
  0.069
  0.051
  0.011
 -0.036
 -0.076
 -0.091
 -0.102
 -0.109
 -0.116
 -0.120
 -0.124
 -0.135
 -0.138
 -0.145
 -0.156
 -0.164
 -0.167
 -0.178
 -0.185
 -0.178
 -0.167
 -0.156
 -0.164
 -0.182
 -0.189
 -0.189
 -0.185
 -0.196
 -0.204
 -0.211
 -0.222
 -0.229
 -0.233
 -0.229
 -0.222
 -0.218
 -0.229
 -0.233
 -0.240
 -0.255
 -0.265
 -0.273
 -0.287
 -0.298
 -0.305
 -0.316
 -0.324
 -0.327
 -0.338
 -0.353
 -0.375
 -0.382
 -0.393
 -0.418
 -0.436
 -0.451
 -0.469
 -0.484
 -0.491
 -0.502
 -0.516
 -0.524
 -0.531
 -0.538
 -0.542
 -0.545
 -0.538
 -0.524
 -0.513
 -0.495
 -0.462
 -0.444
 -0.418
 -0.375
 -0.338
 -0.309
 -0.276
 -0.240
 -0.207
 -0.175
 -0.142
 -0.105
 -0.076
 -0.058
 -0.047
 -0.036
 -0.022
 -0.011
 -0.011
 -0.015
 -0.022
 -0.025
 -0.025
 -0.025
 -0.022
 -0.018
 -0.025
 -0.033
 -0.044
 -0.047
 -0.055
 -0.055
 -0.055
 -0.051
 -0.055
 -0.055
 -0.051
 -0.047
 -0.055
 -0.058
 -0.058
 -0.058
 -0.058
 -0.058
 -0.062
 -0.065
 -0.073
 -0.069
 -0.062
 -0.055
 -0.055
 -0.051
 -0.055
 -0.047
 -0.047
 -0.044
 -0.047
 -0.055
 -0.065
 -0.062
 -0.058
 -0.058
 -0.058
 -0.058
 -0.055
 -0.047
 -0.044
 -0.047
 -0.051
 -0.047
 -0.036
 -0.033
 -0.033
 -0.029
 -0.036
 -0.044
 -0.047
 -0.047
 -0.044
 -0.036
 -0.036
 -0.044
 -0.047
 -0.036
 -0.029
 -0.025
 -0.033
 -0.033
 -0.040
 -0.040
 -0.036
 -0.044
 -0.058
 -0.065
 -0.065
 -0.062
 -0.058
 -0.055
 -0.055
 -0.047
 -0.051
 -0.047
 -0.040
 -0.033
 -0.036
 -0.040
 -0.044
 -0.051
 -0.055
 -0.058
 -0.058
 -0.058
 -0.058
 -0.047
 -0.044
 -0.044
 -0.047
 -0.047
 -0.044
 -0.036
 -0.029
 -0.029
 -0.033
 -0.036
 -0.040
 -0.044
 -0.044
 -0.047
 -0.055
 -0.055
 -0.051
 -0.051
 -0.051
 -0.047
 -0.047
 -0.044
 -0.044
 -0.047
 -0.044
 -0.036
 -0.047
 -0.055
 -0.055
 -0.055
 -0.055
 -0.044
 -0.036
 -0.036
 -0.044
 -0.040
 -0.036
 -0.033
 -0.036
 -0.036
 -0.036
 -0.029
 -0.022
 -0.018
 -0.029
 -0.033
 -0.033
 -0.044
 -0.047
 -0.051
 -0.055
 -0.055
 -0.058
 -0.047
 -0.036
 -0.029
 -0.036
 -0.036
 -0.036
 -0.033
 -0.025
 -0.022
 -0.025
 -0.022
 -0.029
 -0.040
 -0.044
 -0.040
 -0.044
 -0.047
 -0.055
 -0.051
 -0.044
 -0.033
 -0.036
 -0.044
 -0.047
 -0.047
 -0.044
 -0.029
 -0.025
 -0.025
 -0.029
 -0.029
 -0.025
 -0.025
 -0.029
 -0.033
 -0.033
 -0.033
 -0.033
 -0.033
 -0.033
 -0.033
 -0.033
 -0.033
 -0.036
 -0.036
 -0.047
 -0.051
 -0.051
 -0.047
 -0.044
 -0.044
 -0.047
 -0.047
 -0.044
 -0.040
 -0.025
 -0.022
 -0.029
 -0.033
 -0.029
 -0.015
  0.004
  0.015
  0.011
  0.018
  0.025
  0.033
  0.033
  0.025
  0.015
  0.004
 -0.004
 -0.004
 -0.004
 -0.007
 -0.025
 -0.047
 -0.065
 -0.062
 -0.055
 -0.055
 -0.073
 -0.095
 -0.116
 -0.127
 -0.131
 -0.124
 -0.124
 -0.116
 -0.120
 -0.116
 -0.105
 -0.095
 -0.091
 -0.084
 -0.080
 -0.073
 -0.055
 -0.040
 -0.051
 -0.065
 -0.069
 -0.073
 -0.073
 -0.069
 -0.076
 -0.069
 -0.062
 -0.058
 -0.051
 -0.033
 -0.015
  0.007
  0.040
  0.076
  0.113
  0.138
  0.124
  0.076
 -0.004
 -0.116
 -0.244
 -0.371
 -0.484
 -0.582
 -0.658
 -0.702
 -0.764
 -0.815
 -0.829
 -0.785
 -0.727
 -0.625
 -0.513
 -0.436
 -0.356
 -0.189
  0.004
  0.167
  0.320
  0.447
  0.553
  0.687
  0.818
  0.916
  0.975
  1.004
  1.022
  1.036
  1.047
  1.040
  0.996
  0.935
  0.840
  0.724
  0.596
  0.451
  0.305
  0.211
  0.164
  0.145
  0.120
  0.113
  0.098
  0.055
  0.004
 -0.015
 -0.033
 -0.044
 -0.047
 -0.055
 -0.069
 -0.087
 -0.105
 -0.113
 -0.116
 -0.116
 -0.127
 -0.135
 -0.145
 -0.138
 -0.124
 -0.120
 -0.127
 -0.124
 -0.138
 -0.149
 -0.153
 -0.145
 -0.145
 -0.153
 -0.167
 -0.175
 -0.175
 -0.156
 -0.153
 -0.175
 -0.211
 -0.222
 -0.211
 -0.207
 -0.222
 -0.229
 -0.229
 -0.233
 -0.244
 -0.255
 -0.276
 -0.298
 -0.338
 -0.353
 -0.353
 -0.353
 -0.367
 -0.385
 -0.404
 -0.407
 -0.407
 -0.418
 -0.440
 -0.458
 -0.476
 -0.491
 -0.509
 -0.516
 -0.520
 -0.498
 -0.491
 -0.498
 -0.502
 -0.498
 -0.491
 -0.458
 -0.422
 -0.382
 -0.342
 -0.305
 -0.273
 -0.233
 -0.196
 -0.156
 -0.109
 -0.065
 -0.047
 -0.044
 -0.055
 -0.058
 -0.044
 -0.011
  0.000
  0.004
  0.000
 -0.011
 -0.011
 -0.011
 -0.015
 -0.018
 -0.033
 -0.033
 -0.033
 -0.029
 -0.033
 -0.025
 -0.025
 -0.033
 -0.033
 -0.022
 -0.022
 -0.022
 -0.036
 -0.051
 -0.058
 -0.058
 -0.069
 -0.069
 -0.065
 -0.055
 -0.036
 -0.025
 -0.036
 -0.051
 -0.058
 -0.055
 -0.055
 -0.051
 -0.047
 -0.044
 -0.055
 -0.080
 -0.098
 -0.098
 -0.091
 -0.065
 -0.047
 -0.033
 -0.033
 -0.033
 -0.040
 -0.051
 -0.069
 -0.065
 -0.055
 -0.055
 -0.058
 -0.055
 -0.051
 -0.047
 -0.044
 -0.036
 -0.044
 -0.047
 -0.055
 -0.047
 -0.044
 -0.044
 -0.047
 -0.047
 -0.055
 -0.058
 -0.058
 -0.047
 -0.047
 -0.055
 -0.058
 -0.058
 -0.051
 -0.044
 -0.047
 -0.047
 -0.055
 -0.055
 -0.055
 -0.051
 -0.058
 -0.062
 -0.069
 -0.069
 -0.062
 -0.055
 -0.051
 -0.047
 -0.051
 -0.051
 -0.055
 -0.055
 -0.065
 -0.073
 -0.080
 -0.080
 -0.069
 -0.058
 -0.058
 -0.058
 -0.058
 -0.062
 -0.065
 -0.065
 -0.076
 -0.080
 -0.080
 -0.076
 -0.069
 -0.065
 -0.065
 -0.065
 -0.073
 -0.069
 -0.062
 -0.055
 -0.062
 -0.065
 -0.065
 -0.058
 -0.047
 -0.044
 -0.055
 -0.065
 -0.076
 -0.076
 -0.069
 -0.058
 -0.055
 -0.040
 -0.022
  0.000
  0.011
  0.015
  0.000
 -0.011
 -0.025
 -0.033
 -0.040
 -0.047
 -0.058
 -0.069
 -0.084
 -0.098
 -0.113
 -0.124
 -0.138
 -0.145
 -0.153
 -0.145
 -0.135
 -0.135
 -0.145
 -0.156
 -0.167
 -0.164
 -0.145
 -0.131
 -0.135
 -0.142
 -0.138
 -0.113
 -0.087
 -0.076
 -0.080
 -0.087
 -0.095
 -0.098
 -0.091
 -0.084
 -0.087
 -0.084
 -0.084
 -0.080
 -0.069
 -0.065
 -0.069
 -0.065
 -0.040
 -0.022
 -0.015
  0.000
  0.033
  0.076
  0.113
  0.124
  0.087
 -0.004
 -0.124
 -0.255
 -0.396
 -0.513
 -0.604
 -0.673
 -0.745
 -0.847
 -0.924
 -0.913
 -0.840
 -0.745
 -0.640
 -0.538
 -0.480
 -0.385
 -0.218
 -0.036
  0.098
  0.215
  0.309
  0.425
  0.560
  0.691
  0.775
  0.807
  0.833
  0.869
  0.898
  0.916
  0.920
  0.895
  0.840
  0.767
  0.680
  0.596
  0.487
  0.342
  0.211
  0.135
  0.098
  0.076
  0.051
  0.025
 -0.015
 -0.062
 -0.080
 -0.084
 -0.095
 -0.109
 -0.113
 -0.116
 -0.124
 -0.127
 -0.135
 -0.142
 -0.153
 -0.156
 -0.160
 -0.167
 -0.171
 -0.167
 -0.175
 -0.182
 -0.185
 -0.178
 -0.185
 -0.193
 -0.218
 -0.225
 -0.218
 -0.215
 -0.236
 -0.251
 -0.244
 -0.240
 -0.244
 -0.247
 -0.255
 -0.265
 -0.276
 -0.276
 -0.284
 -0.287
 -0.305
 -0.320
 -0.335
 -0.349
 -0.364
 -0.378
 -0.396
 -0.415
 -0.440
 -0.462
 -0.465
 -0.465
 -0.487
 -0.505
 -0.527
 -0.545
 -0.560
 -0.571
 -0.575
 -0.578
 -0.589
 -0.582
 -0.582
 -0.571
 -0.560
 -0.545
 -0.524
 -0.484
 -0.458
 -0.429
 -0.400
 -0.371
 -0.353
 -0.320
 -0.276
 -0.229
 -0.189
 -0.167
 -0.153
 -0.120
 -0.095
 -0.076
 -0.065
 -0.058
 -0.055
 -0.051
 -0.044
 -0.033
 -0.044
 -0.047
 -0.058
 -0.055
 -0.051
 -0.047
 -0.051
 -0.058
 -0.073
 -0.069
 -0.062
 -0.047
 -0.051
 -0.058
 -0.069
 -0.069
 -0.065
 -0.069
 -0.080
 -0.091
 -0.091
 -0.076
 -0.047
 -0.033
 -0.044
 -0.076
 -0.102
 -0.098
 -0.080
 -0.069
 -0.069
 -0.069
 -0.073
 -0.069
 -0.069
 -0.069
 -0.069
 -0.069
 -0.069
 -0.058
 -0.047
 -0.051
 -0.058
 -0.058
 -0.058
 -0.065
 -0.062
 -0.055
 -0.065
 -0.080
 -0.087
 -0.080
 -0.069
 -0.062
 -0.065
 -0.076
 -0.087
 -0.080
 -0.069
 -0.062
 -0.069
 -0.087
 -0.098
 -0.095
 -0.076
 -0.051
 -0.051
 -0.058
 -0.080
 -0.091
 -0.091
 -0.080
 -0.076
 -0.080
 -0.080
 -0.069
 -0.065
 -0.058
 -0.069
 -0.091
 -0.109
 -0.102
 -0.087
 -0.073
 -0.076
 -0.087
 -0.091
 -0.080
 -0.073
 -0.058
 -0.065
 -0.076
 -0.087
 -0.080
 -0.073
 -0.069
 -0.065
 -0.065
 -0.076
 -0.080
 -0.087
 -0.091
 -0.087
 -0.080
 -0.084
 -0.080
 -0.069
 -0.058
 -0.065
 -0.069
 -0.076
 -0.076
 -0.076
 -0.069
 -0.069
 -0.073
 -0.080
 -0.076
 -0.065
 -0.055
 -0.058
 -0.076
 -0.091
 -0.084
 -0.069
 -0.058
 -0.065
 -0.065
 -0.065
 -0.055
 -0.044
 -0.044
 -0.055
 -0.065
 -0.076
 -0.069
 -0.065
 -0.065
 -0.069
 -0.069
 -0.069
 -0.058
 -0.047
 -0.047
 -0.044
 -0.047
 -0.065
 -0.073
 -0.073
 -0.065
 -0.065
 -0.069
 -0.076
 -0.069
 -0.058
 -0.047
 -0.047
 -0.055
 -0.058
 -0.051
 -0.044
 -0.044
 -0.055
 -0.065
 -0.069
 -0.065
 -0.058
 -0.055
 -0.058
 -0.065
 -0.062
 -0.044
 -0.036
 -0.036
 -0.044
 -0.051
 -0.058
 -0.065
 -0.065
 -0.055
 -0.047
 -0.044
 -0.055
 -0.055
 -0.044
 -0.029
 -0.033
 -0.047
 -0.055
 -0.051
 -0.051
 -0.047
 -0.051
 -0.055
 -0.058
 -0.055
 -0.051
 -0.047
 -0.047
 -0.047
 -0.047
 -0.047
 -0.040
 -0.036
 -0.036
 -0.036
 -0.044
 -0.044
 -0.044
 -0.051
 -0.058
 -0.062
 -0.058
 -0.047
 -0.036
 -0.025
 -0.029
 -0.036
 -0.047
 -0.040
 -0.022
 -0.015
 -0.033
 -0.058
 -0.076
 -0.069
 -0.055
 -0.036
 -0.036
 -0.040
 -0.047
 -0.047
 -0.040
 -0.033
 -0.036
 -0.040
 -0.040
 -0.033
 -0.018
  0.000
  0.007
  0.015
  0.007
  0.004
  0.022
  0.047
  0.058
  0.055
  0.036
  0.029
  0.022
  0.018
  0.011
  0.000
 -0.004
 -0.007
 -0.018
 -0.025
 -0.036
 -0.051
 -0.062
 -0.065
 -0.073
 -0.084
 -0.105
 -0.120
 -0.124
 -0.127
 -0.124
 -0.113
 -0.098
 -0.087
 -0.084
 -0.076
 -0.069
 -0.058
 -0.065
 -0.065
 -0.069
 -0.073
 -0.087
 -0.087
 -0.076
 -0.073
 -0.073
 -0.069
 -0.065
 -0.055
 -0.047
 -0.044
 -0.036
 -0.007
  0.015
  0.044
  0.055
  0.076
  0.098
  0.098
  0.051
 -0.025
 -0.135
 -0.265
 -0.400
 -0.502
 -0.575
 -0.629
 -0.687
 -0.767
 -0.829
 -0.815
 -0.749
 -0.662
 -0.556
 -0.484
 -0.447
 -0.364
 -0.207
 -0.044
  0.084
  0.204
  0.305
  0.418
  0.545
  0.665
  0.749
  0.789
  0.815
  0.851
  0.876
  0.898
  0.905
  0.887
  0.836
  0.778
  0.709
  0.618
  0.495
  0.342
  0.218
  0.153
  0.124
  0.109
  0.091
  0.065
  0.022
 -0.015
 -0.033
 -0.036
 -0.044
 -0.058
 -0.073
 -0.076
 -0.073
 -0.069
 -0.084
 -0.098
 -0.124
 -0.135
 -0.131
 -0.113
 -0.113
 -0.124
 -0.135
 -0.135
 -0.131
 -0.124
 -0.127
 -0.138
 -0.145
 -0.153
 -0.153
 -0.149
 -0.153
 -0.156
 -0.167
 -0.178
 -0.185
 -0.178
 -0.178
 -0.189
 -0.211
 -0.218
 -0.211
 -0.211
 -0.233
 -0.247
 -0.262
 -0.276
 -0.287
 -0.284
 -0.298
 -0.324
 -0.342
 -0.353
 -0.364
 -0.371
 -0.385
 -0.400
 -0.418
 -0.425
 -0.433
 -0.440
 -0.458
 -0.469
 -0.476
 -0.480
 -0.473
 -0.458
 -0.447
 -0.440
 -0.433
 -0.411
 -0.375
 -0.327
 -0.298
 -0.284
 -0.251
 -0.200
 -0.160
 -0.131
 -0.109
 -0.084
 -0.062
 -0.033
 -0.004
  0.015
  0.022
  0.018
  0.015
  0.022
  0.029
  0.033
  0.029
  0.025
  0.011
  0.011
  0.015
  0.018
  0.011
  0.000
 -0.011
 -0.007
  0.000
  0.000
 -0.004
 -0.011
 -0.015
 -0.018
 -0.015
 -0.007
 -0.007
 -0.011
 -0.022
 -0.022
 -0.015
 -0.015
 -0.022
 -0.022
 -0.022
 -0.015
 -0.011
 -0.004
  0.000
 -0.004
 -0.011
 -0.015
 -0.022
 -0.022
 -0.029
 -0.033
 -0.036
 -0.033
 -0.025
 -0.015
 -0.011
 -0.015
 -0.022
 -0.022
 -0.015
 -0.011
 -0.011
 -0.011
 -0.018
 -0.018
 -0.015
 -0.004
 -0.004
 -0.007
 -0.015
 -0.015
 -0.011
  0.000
  0.000
 -0.004
 -0.015
 -0.015
 -0.011
  0.000
 -0.004
 -0.011
 -0.018
 -0.022
 -0.022
 -0.018
 -0.022
 -0.036
 -0.047
 -0.044
 -0.033
 -0.022
 -0.022
 -0.029
 -0.033
 -0.033
 -0.022
 -0.015
 -0.011
 -0.015
 -0.022
 -0.022
 -0.022
 -0.015
 -0.011
 -0.011
 -0.022
 -0.025
 -0.033
 -0.036
 -0.044
 -0.047
 -0.055
 -0.044
 -0.029
 -0.022
 -0.025
 -0.029
 -0.033
 -0.033
 -0.025
 -0.022
 -0.022
 -0.025
 -0.033
 -0.033
 -0.025
 -0.022
 -0.033
 -0.044
 -0.047
 -0.044
 -0.033
 -0.025
 -0.033
 -0.036
 -0.044
 -0.040
 -0.033
 -0.029
 -0.033
 -0.033
 -0.033
 -0.029
 -0.022
 -0.015
 -0.022
 -0.025
 -0.036
 -0.040
 -0.033
 -0.025
 -0.025
 -0.033
 -0.047
 -0.055
 -0.047
 -0.036
 -0.036
 -0.036
 -0.044
 -0.044
 -0.036
 -0.029
 -0.033
 -0.036
 -0.036
 -0.033
 -0.025
 -0.015
 -0.022
 -0.036
 -0.058
 -0.058
 -0.055
 -0.047
 -0.044
 -0.040
 -0.040
 -0.044
 -0.040
 -0.033
 -0.033
 -0.040
 -0.047
 -0.044
 -0.033
 -0.022
 -0.025
 -0.033
 -0.036
 -0.036
 -0.036
 -0.040
 -0.044
 -0.051
 -0.055
 -0.047
 -0.040
 -0.033
 -0.036
 -0.044
 -0.051
 -0.047
 -0.040
 -0.033
 -0.036
 -0.044
 -0.047
 -0.047
 -0.044
 -0.040
 -0.040
 -0.040
 -0.044
 -0.025
 -0.004
  0.015
  0.022
  0.029
  0.025
  0.025
  0.040
  0.055
  0.055
  0.033
  0.015
  0.015
  0.022
  0.015
 -0.011
 -0.044
 -0.076
 -0.091
 -0.091
 -0.076
 -0.073
 -0.080
 -0.102
 -0.124
 -0.135
 -0.138
 -0.135
 -0.124
 -0.116
 -0.102
 -0.087
 -0.076
 -0.073
 -0.080
 -0.091
 -0.091
 -0.076
 -0.065
 -0.069
 -0.076
 -0.084
 -0.080
 -0.076
 -0.073
 -0.069
 -0.076
 -0.076
 -0.065
 -0.044
 -0.015
  0.000
  0.011
  0.015
  0.033
  0.073
  0.113
  0.113
  0.069
 -0.022
 -0.124
 -0.240
 -0.360
 -0.473
 -0.571
 -0.644
 -0.691
 -0.764
 -0.822
 -0.833
 -0.789
 -0.713
 -0.615
 -0.495
 -0.404
 -0.331
 -0.200
 -0.025
  0.131
  0.284
  0.415
  0.516
  0.636
  0.771
  0.873
  0.927
  0.967
  0.996
  1.011
  1.011
  1.004
  0.975
  0.916
  0.829
  0.713
  0.593
  0.455
  0.298
  0.204
  0.164
  0.135
  0.105
  0.073
  0.033
  0.000
 -0.015
 -0.033
 -0.044
 -0.058
 -0.058
 -0.058
 -0.073
 -0.091
 -0.102
 -0.105
 -0.109
 -0.113
 -0.124
 -0.131
 -0.138
 -0.142
 -0.142
 -0.138
 -0.142
 -0.142
 -0.153
 -0.167
 -0.171
 -0.171
 -0.167
 -0.167
 -0.185
 -0.193
 -0.193
 -0.178
 -0.164
 -0.167
 -0.189
 -0.196
 -0.182
 -0.175
 -0.193
 -0.222
 -0.233
 -0.244
 -0.262
 -0.265
 -0.273
 -0.295
 -0.320
 -0.338
 -0.342
 -0.342
 -0.360
 -0.382
 -0.404
 -0.422
 -0.429
 -0.436
 -0.451
 -0.469
 -0.480
 -0.487
 -0.495
 -0.498
 -0.505
 -0.505
 -0.502
 -0.491
 -0.476
 -0.451
 -0.425
 -0.400
 -0.378
 -0.353
 -0.313
 -0.265
 -0.240
 -0.211
 -0.178
 -0.138
 -0.113
 -0.087
 -0.062
 -0.044
 -0.029
 -0.022
  0.000
  0.018
  0.018
  0.007
  0.000
  0.000
  0.007
  0.015
  0.011
  0.000
 -0.007
 -0.004
  0.000
  0.000
  0.004
  0.000
 -0.011
 -0.018
 -0.022
 -0.015
 -0.015
 -0.018
 -0.025
 -0.025
 -0.025
 -0.018
 -0.022
 -0.029
 -0.036
 -0.036
 -0.033
 -0.025
 -0.025
 -0.040
 -0.047
 -0.044
 -0.033
 -0.022
 -0.018
 -0.015
 -0.015
 -0.015
 -0.015
 -0.011
 -0.011
 -0.022
 -0.033
 -0.033
 -0.029
 -0.022
 -0.018
 -0.025
 -0.029
 -0.025
 -0.015
 -0.004
 -0.004
 -0.015
 -0.022
 -0.022
 -0.015
 -0.004
 -0.007
 -0.022
 -0.033
 -0.033
 -0.022
 -0.011
 -0.007
 -0.015
 -0.025
 -0.025
 -0.022
 -0.015
 -0.011
 -0.015
 -0.022
 -0.015
 -0.004
  0.000
  0.000
 -0.015
 -0.025
 -0.025
 -0.015
 -0.011
 -0.015
 -0.025
 -0.033
 -0.033
 -0.025
 -0.015
 -0.022
 -0.033
 -0.044
 -0.040
 -0.029
 -0.015
 -0.015
 -0.022
 -0.025
 -0.025
 -0.015
 -0.011
 -0.015
 -0.018
 -0.025
 -0.033
 -0.033
 -0.029
 -0.033
 -0.036
 -0.044
 -0.036
 -0.029
 -0.018
 -0.015
 -0.015
 -0.025
 -0.033
 -0.033
 -0.022
 -0.018
 -0.022
 -0.025
 -0.022
 -0.015
 -0.015
 -0.018
 -0.025
 -0.040
 -0.044
 -0.040
 -0.029
 -0.029
 -0.036
 -0.044
 -0.033
 -0.025
 -0.015
 -0.018
 -0.033
 -0.044
 -0.044
 -0.036
 -0.025
 -0.022
 -0.022
 -0.025
 -0.022
 -0.015
 -0.007
 -0.015
 -0.022
 -0.033
 -0.036
 -0.033
 -0.022
 -0.018
 -0.025
 -0.040
 -0.044
 -0.033
 -0.022
 -0.033
 -0.044
 -0.040
 -0.029
 -0.025
 -0.025
 -0.025
 -0.025
 -0.033
 -0.036
 -0.033
 -0.015
 -0.004
 -0.004
 -0.015
 -0.018
 -0.022
 -0.022
 -0.029
 -0.036
 -0.044
 -0.044
 -0.040
 -0.033
 -0.033
 -0.033
 -0.040
 -0.036
 -0.025
 -0.015
 -0.015
 -0.022
 -0.025
 -0.033
 -0.029
 -0.018
 -0.018
 -0.015
 -0.015
 -0.015
 -0.015
 -0.011
 -0.011
 -0.015
 -0.015
 -0.011
 -0.015
 -0.022
 -0.033
 -0.044
 -0.040
 -0.029
 -0.015
  0.000
 -0.004
 -0.018
 -0.033
 -0.029
 -0.018
 -0.011
 -0.011
 -0.015
 -0.018
 -0.015
  0.000
  0.015
  0.033
  0.033
  0.025
  0.036
  0.051
  0.055
  0.051
  0.040
  0.025
  0.015
  0.011
  0.015
  0.011
  0.000
 -0.015
 -0.040
 -0.055
 -0.058
 -0.058
 -0.069
 -0.076
 -0.080
 -0.084
 -0.095
 -0.109
 -0.120
 -0.124
 -0.120
 -0.102
 -0.080
 -0.065
 -0.058
 -0.058
 -0.055
 -0.047
 -0.040
 -0.036
 -0.044
 -0.058
 -0.062
 -0.047
 -0.040
 -0.036
 -0.044
 -0.055
 -0.058
 -0.036
 -0.022
 -0.011
  0.000
  0.011
  0.033
  0.069
  0.113
  0.149
  0.167
  0.149
  0.095
  0.004
 -0.116
 -0.251
 -0.382
 -0.502
 -0.600
 -0.669
 -0.731
 -0.818
 -0.884
 -0.869
 -0.789
 -0.680
 -0.549
 -0.462
 -0.400
 -0.298
 -0.131
  0.033
  0.185
  0.316
  0.411
  0.513
  0.647
  0.767
  0.851
  0.887
  0.916
  0.938
  0.953
  0.971
  0.971
  0.931
  0.869
  0.789
  0.702
  0.607
  0.484
  0.335
  0.218
  0.167
  0.153
  0.138
  0.113
  0.080
  0.033
 -0.015
 -0.029
 -0.015
 -0.011
 -0.029
 -0.051
 -0.065
 -0.069
 -0.062
 -0.055
 -0.058
 -0.080
 -0.102
 -0.109
 -0.109
 -0.109
 -0.109
 -0.105
 -0.109
 -0.120
 -0.127
 -0.124
 -0.131
 -0.135
 -0.142
 -0.145
 -0.153
 -0.153
 -0.160
 -0.171
 -0.182
 -0.189
 -0.189
 -0.182
 -0.182
 -0.200
 -0.222
 -0.233
 -0.222
 -0.225
 -0.236
 -0.255
 -0.269
 -0.284
 -0.295
 -0.305
 -0.316
 -0.342
 -0.371
 -0.393
 -0.396
 -0.411
 -0.418
 -0.425
 -0.447
 -0.469
 -0.480
 -0.476
 -0.480
 -0.498
 -0.516
 -0.513
 -0.502
 -0.487
 -0.469
 -0.458
 -0.451
 -0.429
 -0.393
 -0.360
 -0.324
 -0.287
 -0.262
 -0.236
 -0.185
 -0.138
 -0.113
 -0.102
 -0.087
 -0.069
 -0.044
 -0.018
 -0.004
  0.000
 -0.004
  0.000
  0.015
  0.022
  0.022
  0.011
  0.000
 -0.007
 -0.004
  0.000
  0.000
 -0.011
 -0.022
 -0.025
 -0.018
 -0.011
 -0.011
 -0.015
 -0.025
 -0.025
 -0.022
 -0.018
 -0.022
 -0.025
 -0.033
 -0.036
 -0.036
 -0.036
 -0.040
 -0.047
 -0.051
 -0.047
 -0.033
 -0.022
 -0.025
 -0.036
 -0.044
 -0.036
 -0.022
 -0.011
 -0.015
 -0.033
 -0.044
 -0.047
 -0.036
 -0.025
 -0.022
 -0.025
 -0.036
 -0.047
 -0.044
 -0.036
 -0.033
 -0.036
 -0.044
 -0.036
 -0.033
 -0.022
 -0.022
 -0.033
 -0.036
 -0.033
 -0.025
 -0.015
 -0.011
 -0.022
 -0.044
 -0.055
 -0.047
 -0.036
 -0.033
 -0.036
 -0.047
 -0.051
 -0.047
 -0.033
 -0.025
 -0.033
 -0.036
 -0.036
 -0.036
 -0.044
 -0.047
 -0.044
 -0.040
 -0.036
 -0.036
 -0.033
 -0.044
 -0.055
 -0.065
 -0.062
 -0.055
 -0.044
 -0.036
 -0.036
 -0.044
 -0.047
 -0.047
 -0.044
 -0.044
 -0.051
 -0.062
 -0.065
 -0.058
 -0.044
 -0.036
 -0.036
 -0.055
 -0.062
 -0.058
 -0.044
 -0.040
 -0.047
 -0.055
 -0.051
 -0.044
 -0.040
 -0.044
 -0.055
 -0.069
 -0.069
 -0.055
 -0.040
 -0.040
 -0.051
 -0.051
 -0.040
 -0.036
 -0.044
 -0.055
 -0.069
 -0.076
 -0.069
 -0.062
 -0.055
 -0.051
 -0.058
 -0.062
 -0.055
 -0.044
 -0.033
 -0.025
 -0.036
 -0.058
 -0.069
 -0.065
 -0.062
 -0.058
 -0.058
 -0.062
 -0.062
 -0.055
 -0.044
 -0.036
 -0.044
 -0.055
 -0.065
 -0.069
 -0.065
 -0.062
 -0.062
 -0.065
 -0.069
 -0.065
 -0.055
 -0.051
 -0.055
 -0.044
 -0.022
  0.004
  0.025
  0.033
  0.018
  0.000
 -0.015
 -0.015
 -0.011
 -0.015
 -0.036
 -0.065
 -0.087
 -0.095
 -0.102
 -0.109
 -0.116
 -0.131
 -0.138
 -0.142
 -0.138
 -0.135
 -0.131
 -0.135
 -0.142
 -0.145
 -0.138
 -0.138
 -0.135
 -0.135
 -0.131
 -0.116
 -0.098
 -0.084
 -0.080
 -0.087
 -0.087
 -0.084
 -0.073
 -0.069
 -0.087
 -0.102
 -0.102
 -0.091
 -0.080
 -0.076
 -0.065
 -0.044
 -0.018
  0.007
  0.033
  0.055
  0.080
  0.105
  0.098
  0.055
 -0.011
 -0.102
 -0.229
 -0.375
 -0.498
 -0.582
 -0.651
 -0.724
 -0.818
 -0.895
 -0.898
 -0.829
 -0.727
 -0.611
 -0.520
 -0.469
 -0.389
 -0.233
 -0.069
  0.058
  0.182
  0.280
  0.375
  0.502
  0.633
  0.724
  0.764
  0.778
  0.807
  0.840
  0.862
  0.880
  0.873
  0.822
  0.760
  0.698
  0.622
  0.527
  0.396
  0.255
  0.145
  0.105
  0.098
  0.087
  0.055
  0.018
 -0.004
 -0.022
 -0.033
 -0.055
 -0.080
 -0.102
 -0.102
 -0.098
 -0.098
 -0.109
 -0.124
 -0.138
 -0.149
 -0.142
 -0.135
 -0.131
 -0.135
 -0.145
 -0.156
 -0.156
 -0.153
 -0.153
 -0.167
 -0.182
 -0.196
 -0.185
 -0.171
 -0.171
 -0.196
 -0.218
 -0.215
 -0.189
 -0.185
 -0.211
 -0.229
 -0.236
 -0.255
 -0.265
 -0.262
 -0.255
 -0.265
 -0.291
 -0.313
 -0.327
 -0.327
 -0.335
 -0.353
 -0.378
 -0.396
 -0.400
 -0.407
 -0.425
 -0.451
 -0.473
 -0.487
 -0.484
 -0.491
 -0.502
 -0.513
 -0.524
 -0.527
 -0.520
 -0.502
 -0.491
 -0.484
 -0.473
 -0.447
 -0.415
 -0.378
 -0.342
 -0.320
 -0.295
 -0.251
 -0.207
 -0.171
 -0.138
 -0.113
 -0.091
 -0.065
 -0.033
 -0.025
 -0.025
 -0.022
 -0.011
  0.000
  0.007
  0.015
  0.015
  0.004
 -0.004
 -0.018
 -0.025
 -0.025
 -0.033
 -0.040
 -0.044
 -0.040
 -0.036
 -0.033
 -0.025
 -0.033
 -0.040
 -0.044
 -0.036
 -0.029
 -0.022
 -0.022
 -0.022
 -0.025
 -0.025
 -0.029
 -0.036
 -0.055
 -0.065
 -0.065
 -0.055
 -0.040
 -0.036
 -0.044
 -0.044
 -0.036
 -0.029
 -0.025
 -0.025
 -0.033
 -0.033
 -0.033
 -0.022
 -0.018
 -0.015
 -0.022
 -0.033
 -0.033
 -0.029
 -0.025
 -0.025
 -0.036
 -0.047
 -0.047
 -0.040
 -0.033
 -0.033
 -0.036
 -0.040
 -0.044
 -0.044
 -0.036
 -0.033
 -0.036
 -0.040
 -0.044
 -0.036
 -0.033
 -0.036
 -0.051
 -0.065
 -0.065
 -0.051
 -0.040
 -0.036
 -0.044
 -0.051
 -0.055
 -0.040
 -0.025
 -0.025
 -0.044
 -0.065
 -0.080
 -0.073
 -0.058
 -0.055
 -0.058
 -0.055
 -0.051
 -0.044
 -0.044
 -0.044
 -0.047
 -0.047
 -0.047
 -0.036
 -0.029
 -0.029
 -0.044
 -0.058
 -0.069
 -0.058
 -0.044
 -0.036
 -0.044
 -0.047
 -0.044
 -0.036
 -0.025
 -0.033
 -0.047
 -0.058
 -0.065
 -0.062
 -0.047
 -0.036
 -0.044
 -0.065
 -0.069
 -0.055
 -0.033
 -0.025
 -0.036
 -0.051
 -0.044
 -0.033
 -0.029
 -0.033
 -0.040
 -0.051
 -0.058
 -0.051
 -0.044
 -0.044
 -0.047
 -0.047
 -0.044
 -0.033
 -0.022
 -0.015
 -0.025
 -0.044
 -0.047
 -0.036
 -0.025
 -0.025
 -0.036
 -0.044
 -0.044
 -0.029
 -0.025
 -0.033
 -0.044
 -0.044
 -0.044
 -0.033
 -0.025
 -0.018
 -0.029
 -0.036
 -0.040
 -0.022
 -0.015
 -0.004
 -0.007
 -0.015
 -0.025
 -0.033
 -0.036
 -0.036
 -0.036
 -0.040
 -0.036
 -0.025
 -0.022
 -0.022
 -0.029
 -0.040
 -0.036
 -0.025
 -0.018
 -0.018
 -0.025
 -0.025
 -0.025
 -0.022
 -0.015
 -0.011
 -0.015
 -0.022
 -0.033
 -0.022
 -0.007
 -0.004
 -0.011
 -0.029
 -0.044
 -0.047
 -0.040
 -0.033
 -0.025
 -0.029
 -0.033
 -0.033
 -0.022
 -0.018
 -0.022
 -0.025
 -0.022
 -0.011
 -0.011
 -0.015
 -0.029
 -0.033
 -0.022
 -0.004
  0.011
  0.036
  0.051
  0.047
  0.044
  0.055
  0.073
  0.076
  0.065
  0.047
  0.033
  0.033
  0.036
  0.040
  0.029
  0.011
 -0.004
 -0.022
 -0.029
 -0.040
 -0.055
 -0.062
 -0.065
 -0.076
 -0.087
 -0.098
 -0.109
 -0.120
 -0.124
 -0.109
 -0.095
 -0.076
 -0.065
 -0.055
 -0.051
 -0.051
 -0.055
 -0.058
 -0.065
 -0.073
 -0.065
 -0.051
 -0.044
 -0.044
 -0.051
 -0.058
 -0.055
 -0.044
 -0.040
 -0.029
 -0.011
  0.004
  0.018
  0.044
  0.073
  0.109
  0.131
  0.113
  0.069
  0.000
 -0.095
 -0.211
 -0.338
 -0.455
 -0.545
 -0.607
 -0.658
 -0.731
 -0.804
 -0.825
 -0.785
 -0.702
 -0.582
 -0.465
 -0.407
 -0.342
 -0.189
 -0.004
  0.153
  0.295
  0.407
  0.502
  0.615
  0.756
  0.865
  0.920
  0.949
  0.971
  0.985
  1.007
  1.018
  0.985
  0.905
  0.815
  0.713
  0.615
  0.491
  0.338
  0.222
  0.160
  0.142
  0.138
  0.124
  0.087
  0.033
 -0.004
 -0.015
 -0.015
 -0.022
 -0.033
 -0.055
 -0.076
 -0.091
 -0.084
 -0.076
 -0.073
 -0.087
 -0.102
 -0.120
 -0.116
 -0.109
 -0.113
 -0.131
 -0.149
 -0.145
 -0.127
 -0.113
 -0.109
 -0.120
 -0.138
 -0.153
 -0.153
 -0.153
 -0.149
 -0.160
 -0.171
 -0.178
 -0.175
 -0.171
 -0.178
 -0.196
 -0.207
 -0.207
 -0.207
 -0.229
 -0.240
 -0.247
 -0.262
 -0.284
 -0.287
 -0.295
 -0.309
 -0.327
 -0.342
 -0.356
 -0.367
 -0.382
 -0.393
 -0.404
 -0.429
 -0.451
 -0.458
 -0.455
 -0.451
 -0.469
 -0.480
 -0.480
 -0.469
 -0.458
 -0.440
 -0.429
 -0.418
 -0.407
 -0.371
 -0.327
 -0.295
 -0.258
 -0.222
 -0.204
 -0.167
 -0.124
 -0.080
 -0.058
 -0.047
 -0.033
 -0.007
  0.011
  0.036
  0.047
  0.044
  0.036
  0.047
  0.051
  0.051
  0.033
  0.015
  0.004
  0.011
  0.022
  0.022
  0.011
  0.000
 -0.007
 -0.004
  0.000
  0.004
  0.000
  0.000
 -0.004
  0.007
  0.015
  0.011
 -0.004
 -0.015
 -0.022
 -0.022
 -0.018
 -0.015
 -0.025
 -0.029
 -0.033
 -0.018
  0.000
  0.004
  0.000
 -0.018
 -0.033
 -0.025
 -0.015
 -0.011
 -0.015
 -0.022
 -0.025
 -0.022
 -0.015
 -0.004
 -0.011
 -0.015
 -0.022
 -0.015
 -0.004
  0.000
  0.000
 -0.004
 -0.007
 -0.004
  0.000
  0.000
 -0.007
 -0.015
 -0.015
 -0.011
  0.000
  0.011
  0.011
  0.000
 -0.011
 -0.011
 -0.004
 -0.011
 -0.025
 -0.033
 -0.025
 -0.004
  0.007
  0.011
  0.000
 -0.011
 -0.025
 -0.029
 -0.025
 -0.022
 -0.029
 -0.033
 -0.033
 -0.022
 -0.007
  0.000
 -0.011
 -0.025
 -0.033
 -0.022
 -0.011
 -0.007
 -0.015
 -0.025
 -0.025
 -0.015
 -0.004
  0.000
 -0.011
 -0.022
 -0.025
 -0.015
 -0.011
 -0.011
 -0.015
 -0.022
 -0.029
 -0.025
 -0.022
 -0.022
 -0.033
 -0.036
 -0.040
 -0.025
 -0.015
 -0.015
 -0.025
 -0.033
 -0.033
 -0.022
 -0.015
 -0.011
 -0.018
 -0.029
 -0.036
 -0.029
 -0.018
 -0.004
 -0.004
 -0.007
 -0.018
 -0.018
 -0.011
 -0.011
 -0.029
 -0.047
 -0.051
 -0.036
 -0.022
 -0.015
 -0.022
 -0.033
 -0.044
 -0.033
 -0.022
 -0.015
 -0.022
 -0.029
 -0.025
 -0.018
 -0.015
 -0.007
 -0.011
 -0.025
 -0.033
 -0.018
 -0.007
 -0.004
 -0.011
 -0.029
 -0.044
 -0.036
 -0.033
 -0.033
 -0.044
 -0.047
 -0.036
 -0.025
 -0.015
 -0.015
 -0.025
 -0.036
 -0.036
 -0.022
 -0.011
 -0.011
 -0.022
 -0.033
 -0.036
 -0.033
 -0.025
 -0.018
 -0.018
 -0.022
 -0.025
 -0.025
 -0.025
 -0.025
 -0.033
 -0.036
 -0.036
 -0.033
 -0.033
 -0.033
 -0.036
 -0.036
 -0.033
 -0.025
 -0.022
 -0.015
 -0.018
 -0.022
 -0.025
 -0.022
 -0.015
 -0.011
 -0.025
 -0.044
 -0.047
 -0.033
 -0.018
 -0.011
 -0.015
 -0.029
 -0.033
 -0.033
 -0.025
 -0.025
 -0.036
 -0.044
 -0.033
 -0.018
 -0.011
 -0.007
 -0.007
  0.000
  0.015
  0.036
  0.051
  0.058
  0.051
  0.044
  0.029
  0.022
  0.011
  0.011
  0.000
 -0.011
 -0.022
 -0.036
 -0.047
 -0.055
 -0.058
 -0.069
 -0.073
 -0.073
 -0.080
 -0.102
 -0.127
 -0.138
 -0.138
 -0.124
 -0.109
 -0.098
 -0.098
 -0.091
 -0.080
 -0.065
 -0.055
 -0.047
 -0.055
 -0.058
 -0.058
 -0.047
 -0.051
 -0.062
 -0.073
 -0.080
 -0.076
 -0.065
 -0.051
 -0.044
 -0.044
 -0.033
 -0.018
  0.007
  0.044
  0.073
  0.091
  0.116
  0.120
  0.102
  0.036
 -0.058
 -0.189
 -0.327
 -0.447
 -0.542
 -0.618
 -0.673
 -0.745
 -0.833
 -0.869
 -0.829
 -0.745
 -0.651
 -0.538
 -0.455
 -0.385
 -0.255
 -0.069
  0.098
  0.240
  0.364
  0.469
  0.600
  0.745
  0.862
  0.916
  0.938
  0.964
  0.989
  1.007
  1.018
  0.978
  0.913
  0.833
  0.745
  0.647
  0.524
  0.375
  0.244
  0.167
  0.145
  0.142
  0.127
  0.087
  0.025
 -0.022
 -0.029
 -0.018
 -0.011
 -0.036
 -0.065
 -0.091
 -0.095
 -0.087
 -0.076
 -0.080
 -0.087
 -0.098
 -0.102
 -0.113
 -0.120
 -0.127
 -0.131
 -0.142
 -0.145
 -0.149
 -0.145
 -0.149
 -0.153
 -0.156
 -0.153
 -0.149
 -0.156
 -0.175
 -0.182
 -0.189
 -0.196
 -0.196
 -0.189
 -0.189
 -0.207
 -0.225
 -0.225
 -0.222
 -0.229
 -0.255
 -0.273
 -0.280
 -0.287
 -0.287
 -0.298
 -0.331
 -0.360
 -0.382
 -0.382
 -0.389
 -0.404
 -0.429
 -0.455
 -0.473
 -0.476
 -0.484
 -0.491
 -0.509
 -0.516
 -0.524
 -0.527
 -0.524
 -0.513
 -0.505
 -0.509
 -0.502
 -0.462
 -0.425
 -0.389
 -0.360
 -0.338
 -0.309
 -0.262
 -0.211
 -0.175
 -0.160
 -0.135
 -0.105
 -0.069
 -0.036
 -0.018
 -0.015
 -0.011
 -0.004
  0.004
  0.011
  0.015
  0.007
  0.000
 -0.004
  0.000
  0.007
  0.011
  0.004
 -0.007
 -0.025
 -0.025
 -0.025
 -0.033
 -0.047
 -0.055
 -0.055
 -0.047
 -0.040
 -0.033
 -0.033
 -0.044
 -0.051
 -0.044
 -0.033
 -0.033
 -0.036
 -0.040
 -0.044
 -0.036
 -0.040
 -0.036
 -0.044
 -0.047
 -0.047
 -0.040
 -0.040
 -0.040
 -0.044
 -0.044
 -0.044
 -0.033
 -0.033
 -0.036
 -0.036
 -0.040
 -0.040
 -0.025
 -0.015
 -0.011
 -0.025
 -0.044
 -0.058
 -0.058
 -0.055
 -0.044
 -0.044
 -0.044
 -0.044
 -0.036
 -0.029
 -0.025
 -0.029
 -0.033
 -0.033
 -0.025
 -0.025
 -0.022
 -0.033
 -0.044
 -0.047
 -0.044
 -0.036
 -0.033
 -0.040
 -0.047
 -0.051
 -0.044
 -0.040
 -0.033
 -0.033
 -0.033
 -0.036
 -0.025
 -0.025
 -0.029
 -0.047
 -0.065
 -0.073
 -0.058
 -0.047
 -0.036
 -0.036
 -0.044
 -0.055
 -0.047
 -0.033
 -0.025
 -0.036
 -0.047
 -0.055
 -0.044
 -0.040
 -0.040
 -0.047
 -0.058
 -0.069
 -0.065
 -0.051
 -0.047
 -0.051
 -0.055
 -0.058
 -0.055
 -0.044
 -0.029
 -0.033
 -0.040
 -0.047
 -0.047
 -0.055
 -0.062
 -0.069
 -0.065
 -0.062
 -0.047
 -0.040
 -0.036
 -0.047
 -0.051
 -0.055
 -0.047
 -0.044
 -0.044
 -0.047
 -0.062
 -0.069
 -0.065
 -0.055
 -0.047
 -0.051
 -0.055
 -0.055
 -0.047
 -0.044
 -0.036
 -0.040
 -0.044
 -0.051
 -0.051
 -0.051
 -0.055
 -0.065
 -0.076
 -0.076
 -0.055
 -0.044
 -0.044
 -0.055
 -0.058
 -0.062
 -0.058
 -0.055
 -0.055
 -0.055
 -0.058
 -0.062
 -0.058
 -0.055
 -0.047
 -0.047
 -0.051
 -0.058
 -0.062
 -0.069
 -0.069
 -0.076
 -0.076
 -0.073
 -0.065
 -0.055
 -0.047
 -0.051
 -0.055
 -0.055
 -0.044
 -0.044
 -0.047
 -0.062
 -0.069
 -0.076
 -0.073
 -0.065
 -0.047
 -0.044
 -0.047
 -0.047
 -0.040
 -0.025
 -0.004
  0.004
  0.011
  0.007
  0.004
  0.000
  0.000
 -0.015
 -0.033
 -0.047
 -0.047
 -0.044
 -0.040
 -0.058
 -0.080
 -0.102
 -0.105
 -0.102
 -0.098
 -0.109
 -0.135
 -0.164
 -0.167
 -0.153
 -0.131
 -0.131
 -0.138
 -0.149
 -0.138
 -0.124
 -0.098
 -0.080
 -0.069
 -0.076
 -0.080
 -0.087
 -0.095
 -0.105
 -0.109
 -0.102
 -0.087
 -0.080
 -0.076
 -0.076
 -0.080
 -0.098
 -0.087
 -0.058
 -0.025
 -0.007
  0.004
  0.025
  0.069
  0.098
  0.109
  0.073
  0.000
 -0.105
 -0.222
 -0.349
 -0.469
 -0.571
 -0.658
 -0.742
 -0.818
 -0.880
 -0.884
 -0.829
 -0.756
 -0.658
 -0.538
 -0.458
 -0.382
 -0.258
 -0.109
  0.011
  0.145
  0.251
  0.342
  0.447
  0.564
  0.647
  0.702
  0.738
  0.771
  0.793
  0.796
  0.804
  0.818
  0.789
  0.745
  0.680
  0.600
  0.509
  0.404
  0.273
  0.167
  0.109
  0.080
  0.055
  0.047
  0.036
